Date,N-ary_interactions_reports,All_interactions_after_spoke_expansion,All_interaction_reports,Binary_interaction_reports
2003-08-05,0,2,2,2
2003-08-06,0,7,7,7
2003-08-08,0,9,9,9
2003-08-20,0,12,12,12
2003-08-21,1,18,15,14
2003-08-27,2,23,16,14
2003-09-03,2,24,17,15
2003-09-05,2,25,18,16
2003-09-09,2,27,20,18
2003-09-10,2,30,23,21
2003-09-11,2,31,24,22
2003-09-12,2,32,25,23
2003-09-15,3,35,27,24
2003-09-16,4,48,38,34
2003-09-19,5,60,39,34
2003-09-22,5,62,41,36
2003-09-23,5,63,42,37
2003-09-24,11,102,50,39
2003-09-25,15,126,58,43
2003-09-26,17,158,66,49
2003-10-02,17,160,68,51
2003-10-03,17,161,69,52
2003-10-09,18,163,70,52
2003-10-10,18,165,72,54
2003-10-14,24,182,79,55
2003-10-22,24,187,84,60
2003-10-23,24,190,87,63
2003-10-24,27,202,96,69
2003-10-31,27,203,97,70
2003-11-03,27,208,102,75
2003-11-04,28,222,111,83
2003-11-05,29,231,118,89
2003-11-06,29,237,124,95
2003-11-07,31,250,131,100
2003-11-10,35,265,142,107
2003-11-11,37,299,168,131
2003-11-12,38,326,191,153
2003-11-13,42,359,219,177
2003-11-14,43,384,242,199
2003-11-18,48,410,252,204
2003-11-24,49,425,266,217
2003-11-25,54,466,301,247
2003-11-26,54,471,306,252
2003-11-27,54,479,314,260
2003-11-28,54,496,331,277
2003-12-01,55,516,350,295
2003-12-02,55,524,358,303
2003-12-03,55,547,381,326
2003-12-04,55,571,405,350
2003-12-05,57,596,426,369
2003-12-08,57,603,433,376
2003-12-09,57,623,453,396
2003-12-10,58,635,464,406
2003-12-11,60,648,475,415
2003-12-12,60,662,489,429
2003-12-15,66,686,503,437
2003-12-16,66,705,522,456
2003-12-17,68,719,529,461
2003-12-18,68,736,546,478
2004-01-05,68,742,552,484
2004-01-06,69,760,569,500
2004-01-07,71,16523,16329,16258
2004-01-08,71,21451,21257,21186
2004-01-09,71,21453,21259,21188
2004-01-12,72,21461,21266,21194
2004-01-13,73,21492,21296,21223
2004-01-14,75,21505,21306,21231
2004-01-15,81,21525,21319,21238
2004-01-16,84,21539,21329,21245
2004-01-20,84,21547,21337,21253
2004-01-21,89,21571,21356,21267
2004-01-26,91,21588,21369,21278
2004-01-27,91,21592,21373,21282
2004-01-28,96,21606,21382,21286
2004-01-29,98,21623,21396,21298
2004-02-04,98,21624,21397,21299
2004-02-10,99,21630,21402,21303
2004-02-11,99,21634,21406,21307
2004-02-12,99,21635,21407,21308
2004-02-15,99,21642,21414,21315
2004-02-16,99,21643,21415,21316
2004-02-19,99,21652,21424,21325
2004-02-20,99,21654,21426,21327
2004-02-23,99,21655,21427,21328
2004-02-24,100,21663,21434,21334
2004-02-27,100,21665,21436,21336
2004-03-01,101,21669,21439,21338
2004-03-02,101,21671,21441,21340
2004-03-03,103,21709,21451,21348
2004-03-04,105,21728,21468,21363
2004-03-05,105,21729,21469,21364
2004-03-08,105,21750,21490,21385
2004-03-09,105,21753,21493,21388
2004-03-10,107,21793,21495,21388
2004-03-11,108,21853,21503,21395
2004-03-12,108,21854,21504,21396
2004-03-16,108,21857,21507,21399
2004-03-19,110,21870,21517,21407
2004-03-20,112,21877,21521,21409
2004-03-21,113,21895,21538,21425
2004-03-22,116,21916,21551,21435
2004-03-23,118,21927,21559,21441
2004-03-24,119,21948,21579,21460
2004-03-25,119,21949,21580,21461
2004-03-26,120,21963,21592,21472
2004-03-29,120,21965,21594,21474
2004-03-30,121,21978,21598,21477
2004-03-31,126,21998,21606,21480
2004-04-01,126,22002,21610,21484
2004-04-02,127,22017,21616,21489
2004-04-04,127,22022,21621,21494
2004-04-05,128,22046,21628,21500
2004-04-13,128,22048,21630,21502
2004-04-18,128,22056,21638,21510
2004-04-20,128,22060,21642,21514
2004-04-21,131,22069,21648,21517
2004-04-22,131,22075,21654,21523
2004-04-23,131,22085,21664,21533
2004-04-28,131,22372,21951,21820
2004-04-29,131,26922,26501,26370
2004-05-02,131,26932,26511,26380
2004-05-04,131,26938,26517,26386
2004-05-05,131,26956,26535,26404
2004-05-06,131,26967,26546,26415
2004-05-10,132,26990,26557,26425
2004-05-11,132,26994,26561,26429
2004-05-12,132,27089,26656,26524
2004-05-13,133,27133,26667,26534
2004-05-14,133,27140,26674,26541
2004-05-17,133,27150,26684,26551
2004-05-18,135,27380,26697,26562
2004-05-19,135,27389,26706,26571
2004-05-20,137,27473,26714,26577
2004-05-21,137,27474,26715,26578
2004-05-22,138,27502,26724,26586
2004-05-24,138,27506,26728,26590
2004-05-25,138,27510,26732,26594
2004-05-26,138,27528,26750,26612
2004-05-27,138,29319,28541,28403
2004-05-28,138,29327,28549,28411
2004-06-02,138,29330,28552,28414
2004-06-03,139,29381,28583,28444
2004-06-04,144,29401,28596,28452
2004-06-08,144,29404,28599,28455
2004-06-09,144,29407,28602,28458
2004-06-10,144,29414,28609,28465
2004-06-11,147,29438,28630,28483
2004-06-14,147,29440,28632,28485
2004-06-15,147,29462,28654,28507
2004-06-16,152,29485,28670,28518
2004-06-17,156,29497,28677,28521
2004-06-18,156,29535,28715,28559
2004-06-22,157,29538,28716,28559
2004-06-25,159,29542,28718,28559
2004-06-28,161,29558,28723,28562
2004-06-29,161,29566,28731,28570
2004-06-30,164,29682,28746,28582
2004-07-01,165,29696,28759,28594
2004-07-05,165,29697,28760,28595
2004-07-06,165,29702,28765,28600
2004-07-07,165,29706,28769,28604
2004-07-08,165,29711,28774,28609
2004-07-09,165,29713,28776,28611
2004-07-13,168,29741,28799,28631
2004-07-14,169,30055,29105,28936
2004-07-15,169,30058,29108,28939
2004-07-16,169,30171,29221,29052
2004-07-20,169,30195,29245,29076
2004-07-21,169,30216,29266,29097
2004-07-22,171,31706,30752,30581
2004-07-23,181,32191,30764,30583
2004-07-26,181,32200,30773,30592
2004-07-28,182,32203,30775,30593
2004-07-29,182,32207,30779,30597
2004-07-30,186,32226,30789,30603
2004-08-03,189,32371,30792,30603
2004-08-04,189,32385,30806,30617
2004-08-06,195,32404,30816,30621
2004-08-09,196,32433,30839,30643
2004-08-10,196,32441,30847,30651
2004-08-11,199,32451,30854,30655
2004-08-12,204,32487,30859,30655
2004-08-16,207,32524,30875,30668
2004-08-17,212,32595,30894,30682
2004-08-18,218,32677,30911,30693
2004-08-26,218,32729,30963,30745
2004-08-27,220,32734,30966,30746
2004-08-28,222,32760,30973,30751
2004-08-29,224,32770,30981,30757
2004-08-30,229,32793,30991,30762
2004-09-03,229,32798,30996,30767
2004-09-06,229,32799,30997,30768
2004-09-07,229,32806,31004,30775
2004-09-08,229,32823,31021,30792
2004-09-09,229,32827,31025,30796
2004-09-10,229,32830,31028,30799
2004-09-13,229,32833,31031,30802
2004-09-14,229,32835,31033,30804
2004-09-15,229,32859,31057,30828
2004-09-17,229,32885,31083,30854
2004-09-27,229,32886,31084,30855
2004-09-28,230,32901,31098,30868
2004-09-29,230,32904,31101,30871
2004-09-30,230,32910,31107,30877
2004-10-01,232,32916,31111,30879
2004-10-04,232,32925,31120,30888
2004-10-05,232,32939,31134,30902
2004-10-06,232,32946,31141,30909
2004-10-07,232,32955,31150,30918
2004-10-08,232,32960,31155,30923
2004-10-11,235,33004,31196,30961
2004-10-12,235,33015,31207,30972
2004-10-13,237,33023,31212,30975
2004-10-14,237,33036,31225,30988
2004-10-19,237,33043,31232,30995
2004-10-22,237,33050,31239,31002
2004-10-25,237,33063,31252,31015
2004-10-26,237,33070,31259,31022
2004-10-27,237,33072,31261,31024
2004-10-28,238,33124,31309,31071
2004-11-02,238,33130,31315,31077
2004-11-03,239,33145,31321,31082
2004-11-05,250,33184,31346,31096
2004-11-08,250,33197,31359,31109
2004-11-09,251,33219,31377,31126
2004-11-10,251,33234,31392,31141
2004-11-11,252,33242,31399,31147
2004-11-12,252,33245,31402,31150
2004-11-15,252,33247,31404,31152
2004-11-17,255,33259,31413,31158
2004-11-18,255,33260,31414,31159
2004-11-22,256,33266,31419,31163
2004-11-23,256,33274,31427,31171
2004-11-25,256,33275,31428,31172
2004-11-26,258,33377,31440,31182
2004-11-29,261,33384,31444,31183
2004-12-02,265,33398,31448,31183
2004-12-03,267,33427,31471,31204
2004-12-06,267,33435,31479,31212
2004-12-07,267,33439,31483,31216
2004-12-08,267,33459,31503,31236
2004-12-09,267,33460,31504,31237
2004-12-10,271,33484,31508,31237
2004-12-13,271,33485,31509,31238
2004-12-14,271,33487,31511,31240
2004-12-15,271,33491,31515,31244
2004-12-16,271,35312,33336,33065
2004-12-17,271,35315,33339,33068
2004-12-20,271,35324,33348,33077
2004-12-21,271,35331,33355,33084
2004-12-22,271,35332,33356,33085
2005-01-04,271,35534,33558,33287
2005-01-10,271,35537,33561,33290
2005-01-11,271,35538,33562,33291
2005-01-14,271,35543,33567,33296
2005-01-20,271,35550,33574,33303
2005-01-21,271,35590,33614,33343
2005-01-22,271,35597,33621,33350
2005-01-24,271,35601,33625,33354
2005-01-25,271,35611,33635,33364
2005-01-26,271,35623,33647,33376
2005-01-27,271,35665,33689,33418
2005-01-28,274,35856,33877,33603
2005-02-01,274,35877,33898,33624
2005-02-02,274,35882,33903,33629
2005-02-03,274,35883,33904,33630
2005-02-04,274,35894,33915,33641
2005-02-07,274,35913,33934,33660
2005-02-08,275,35962,33982,33707
2005-02-09,281,36019,34030,33749
2005-02-10,281,36020,34031,33750
2005-02-11,281,36030,34041,33760
2005-02-14,281,36031,34042,33761
2005-02-15,282,36054,34064,33782
2005-02-16,283,36064,34073,33790
2005-02-18,283,36066,34075,33792
2005-02-21,283,36083,34092,33809
2005-02-22,284,36097,34105,33821
2005-02-23,291,36171,34133,33842
2005-02-24,297,36243,34183,33886
2005-02-25,297,36258,34198,33901
2005-02-28,297,38106,36046,35749
2005-03-02,297,38109,36049,35752
2005-03-03,303,38151,36071,35768
2005-03-04,313,38232,36113,35800
2005-03-07,314,38253,36116,35802
2005-03-08,314,38258,36121,35807
2005-03-09,318,38291,36149,35831
2005-03-10,318,38350,36208,35890
2005-03-11,318,38360,36218,35900
2005-03-14,318,38378,36236,35918
2005-03-15,325,38440,36282,35957
2005-03-16,326,38481,36322,35996
2005-03-17,329,38509,36347,36018
2005-03-18,334,38541,36361,36027
2005-03-21,334,38553,36373,36039
2005-03-22,337,38569,36382,36045
2005-03-24,337,38595,36408,36071
2005-03-29,337,38623,36436,36099
2005-03-30,337,38647,36460,36123
2005-03-31,337,38653,36466,36129
2005-04-01,339,38671,36482,36143
2005-04-04,339,38684,36495,36156
2005-04-05,341,38725,36528,36187
2005-04-06,347,38768,36564,36217
2005-04-07,353,38824,36592,36239
2005-04-08,361,38902,36637,36276
2005-04-11,363,38928,36659,36296
2005-04-12,367,38990,36716,36349
2005-04-13,380,39091,36762,36382
2005-04-14,380,39097,36768,36388
2005-04-15,387,39185,36818,36431
2005-04-18,394,39289,36842,36448
2005-04-19,399,39360,36865,36466
2005-04-20,401,39447,36949,36548
2005-04-21,401,39511,37013,36612
2005-04-25,402,39520,37018,36616
2005-04-26,413,39592,37031,36618
2005-04-27,421,39630,37052,36631
2005-04-29,421,39707,37129,36708
2005-05-03,421,39722,37144,36723
2005-05-04,421,39726,37148,36727
2005-05-05,424,39759,37151,36727
2005-05-06,424,39774,37166,36742
2005-05-11,424,39780,37172,36748
2005-05-12,430,40020,37206,36776
2005-05-13,432,40040,37216,36784
2005-05-16,432,40046,37222,36790
2005-05-17,433,40066,37240,36807
2005-05-18,433,40071,37245,36812
2005-05-19,433,40079,37253,36820
2005-05-20,435,40091,37263,36828
2005-05-23,435,40108,37280,36845
2005-05-24,436,40160,37331,36895
2005-05-25,438,40189,37358,36920
2005-05-26,438,40257,37426,36988
2005-05-27,440,40269,37431,36991
2005-06-01,440,40272,37434,36994
2005-06-02,440,40301,37463,37023
2005-06-03,453,40420,37535,37082
2005-06-06,457,40490,37601,37144
2005-06-07,459,40550,37624,37165
2005-06-08,459,40557,37631,37172
2005-06-09,460,40579,37652,37192
2005-06-10,470,40629,37683,37213
2005-06-13,490,41228,38242,37752
2005-06-14,490,41233,38247,37757
2005-06-15,499,41270,38275,37776
2005-06-17,499,41271,38276,37777
2005-06-20,504,41331,38307,37803
2005-06-21,505,41362,38332,37827
2005-06-22,508,41455,38420,37912
2005-06-23,508,41523,38488,37980
2005-06-24,518,41660,38557,38039
2005-06-27,518,41716,38613,38095
2005-06-28,530,41823,38639,38109
2005-06-29,530,41840,38656,38126
2005-06-30,530,41846,38662,38132
2005-07-01,530,41855,38671,38141
2005-07-05,531,41862,38677,38146
2005-07-07,531,41899,38714,38183
2005-07-08,533,41937,38750,38217
2005-07-09,533,41938,38751,38218
2005-07-11,533,41940,38753,38220
2005-07-12,541,41996,38777,38236
2005-07-13,544,42012,38790,38246
2005-07-14,547,42050,38818,38271
2005-07-15,561,42403,38855,38294
2005-07-18,561,42417,38869,38308
2005-07-19,564,42511,38879,38315
2005-07-20,564,42526,38894,38330
2005-07-21,568,42554,38911,38343
2005-07-22,569,43103,39459,38890
2005-07-25,571,43136,39490,38919
2005-07-26,572,43180,39530,38958
2005-07-27,576,43217,39563,38987
2005-07-28,583,43284,39594,39011
2005-07-29,583,43516,39826,39243
2005-08-01,594,43634,39866,39272
2005-08-02,594,43637,39869,39275
2005-08-03,594,43646,39878,39284
2005-08-04,594,43677,39909,39315
2005-08-05,595,43683,39914,39319
2005-08-08,595,43704,39935,39340
2005-08-09,595,43713,39944,39349
2005-08-10,595,43766,39997,39402
2005-08-11,595,43795,40026,39431
2005-08-12,600,43833,40059,39459
2005-08-15,600,43841,40067,39467
2005-08-16,600,43856,40082,39482
2005-08-17,601,43869,40094,39493
2005-08-18,601,43894,40119,39518
2005-08-19,601,43902,40127,39526
2005-08-22,601,43954,40179,39578
2005-08-23,601,43976,40201,39600
2005-08-24,601,43982,40207,39606
2005-08-25,611,44040,40228,39617
2005-08-26,611,44041,40229,39618
2005-08-30,614,44057,40232,39618
2005-09-02,615,44061,40233,39618
2005-09-05,619,44080,40242,39623
2005-09-06,623,44089,40246,39623
2005-09-07,627,44109,40257,39630
2005-09-09,629,44115,40259,39630
2005-09-12,629,44128,40272,39643
2005-09-13,632,44143,40278,39646
2005-09-14,633,44148,40282,39649
2005-09-20,635,44156,40288,39653
2005-09-21,636,44158,40289,39653
2005-09-22,636,44167,40298,39662
2005-09-23,639,44191,40318,39679
2005-09-26,640,44197,40323,39683
2005-09-27,640,44199,40325,39685
2005-09-28,640,45270,41396,40756
2005-09-29,641,45314,41430,40789
2005-09-30,641,45407,41523,40882
2005-10-03,641,45411,41527,40886
2005-10-04,641,45415,41531,40890
2005-10-05,641,45423,41539,40898
2005-10-06,641,45445,41561,40920
2005-10-07,641,45465,41581,40940
2005-10-11,641,45508,41624,40983
2005-10-12,641,45535,41651,41010
2005-10-13,643,45588,41697,41054
2005-10-14,648,45684,41785,41137
2005-10-17,649,45702,41802,41153
2005-10-18,650,45722,41821,41171
2005-10-19,653,45785,41881,41228
2005-10-20,653,45789,41885,41232
2005-10-21,655,45880,41889,41234
2005-10-24,655,45896,41905,41250
2005-10-25,655,45910,41919,41264
2005-10-26,655,45941,41950,41295
2005-10-27,655,45946,41955,41300
2005-10-28,655,45947,41956,41301
2005-11-02,655,45966,41975,41320
2005-11-03,662,46010,41994,41332
2005-11-04,662,46020,42004,41342
2005-11-07,662,46046,42030,41368
2005-11-08,664,46068,42050,41386
2005-11-09,669,46102,42079,41410
2005-11-10,669,46129,42106,41437
2005-11-11,678,46314,42277,41599
2005-11-14,678,46339,42302,41624
2005-11-15,679,46381,42306,41627
2005-11-16,679,46421,42346,41667
2005-11-17,681,46460,42369,41688
2005-11-18,690,49703,45567,44877
2005-11-21,690,49735,45599,44909
2005-11-22,691,49844,45611,44920
2005-11-23,692,52656,48390,47698
2005-11-24,692,52675,48409,47717
2005-11-25,692,52678,48412,47720
2005-11-28,692,52684,48418,47726
2005-11-29,693,52760,48439,47746
2005-11-30,694,52777,48448,47754
2005-12-01,698,52916,48567,47869
2005-12-05,704,52941,48582,47878
2005-12-06,712,52980,48606,47894
2005-12-07,719,53006,48619,47900
2005-12-08,725,53050,48653,47928
2005-12-09,727,53137,48675,47948
2005-12-12,727,53141,48679,47952
2005-12-13,727,53149,48687,47960
2005-12-14,727,53181,48719,47992
2005-12-15,727,53283,48821,48094
2005-12-16,727,53297,48835,48108
2005-12-19,727,53302,48840,48113
2005-12-20,737,53445,48850,48113
2005-12-21,750,53577,48865,48115
2005-12-22,751,53621,48870,48119
2005-12-23,751,53622,48871,48120
2006-01-04,752,53628,48876,48124
2006-01-06,754,53632,48878,48124
2006-01-09,756,53670,48897,48141
2006-01-10,758,53724,48933,48175
2006-01-11,758,53744,48953,48195
2006-01-12,758,53746,48955,48197
2006-01-13,758,53753,48962,48204
2006-01-16,758,53761,48970,48212
2006-01-17,761,53818,49024,48263
2006-01-18,761,53828,49034,48273
2006-01-20,762,53869,49074,48312
2006-01-23,769,54013,49097,48328
2006-01-24,771,54206,49102,48331
2006-01-25,2864,80325,51515,48651
2006-01-26,2864,80327,51517,48653
2006-01-27,2864,80335,51525,48661
2006-01-30,2871,80419,51532,48661
2006-01-31,2878,80659,51539,48661
2006-02-01,2885,83509,54289,51404
2006-02-02,2891,83614,54303,51412
2006-02-03,2891,83625,54314,51423
2006-02-06,2891,83674,54363,51472
2006-02-07,2900,83709,54385,51485
2006-02-08,2908,83819,54416,51508
2006-02-09,2909,83844,54417,51508
2006-02-10,2913,83902,54467,51554
2006-02-13,2916,83932,54488,51572
2006-02-14,2920,83975,54518,51598
2006-02-15,2978,87190,57138,54160
2006-02-16,2979,87205,57151,54172
2006-02-17,2979,87233,57179,54200
2006-02-20,2980,87252,57196,54216
2006-02-21,2983,87452,57391,54408
2006-02-22,2988,87490,57420,54432
2006-02-23,2989,87510,57439,54450
2006-02-24,2990,87556,57481,54491
2006-02-27,3000,87600,57510,54510
2006-02-28,3001,88458,58367,55366
2006-03-01,3004,88485,58391,55387
2006-03-02,3007,88519,58422,55415
2006-03-03,3012,88558,58437,55425
2006-03-06,3015,88636,58445,55430
2006-03-07,3022,88684,58459,55437
2006-03-08,3028,88759,58505,55477
2006-03-09,3655,94994,59395,55740
2006-03-10,3665,95145,59429,55764
2006-03-13,3673,95176,59447,55774
2006-03-14,3682,95256,59495,55813
2006-03-15,3689,95300,59525,55836
2006-03-16,3691,95346,59542,55851
2006-03-17,3691,95354,59550,55859
2006-03-20,3705,95455,59632,55927
2006-03-21,3709,95476,59643,55934
2006-03-22,3711,95496,59657,55946
2006-03-24,3711,95614,59775,56064
2006-03-27,3727,95950,59805,56078
2006-03-28,3742,96062,59891,56149
2006-03-29,3748,96090,59908,56160
2006-03-31,3751,96120,59935,56184
2006-04-03,3752,96133,59947,56195
2006-04-04,3761,96917,59984,56223
2006-04-05,3765,96952,60014,56249
2006-04-06,3767,96971,60029,56262
2006-04-07,3767,96995,60053,56286
2006-04-10,3769,97090,60145,56376
2006-04-11,3773,97132,60183,56410
2006-04-12,3773,97160,60211,56438
2006-04-13,3775,97179,60228,56453
2006-04-18,3775,97184,60233,56458
2006-04-20,3775,97187,60236,56461
2006-04-21,3775,97260,60309,56534
2006-04-24,3779,97293,60338,56559
2006-04-25,3779,97303,60348,56569
2006-04-26,3780,97345,60389,56609
2006-04-27,3784,97439,60412,56628
2006-04-28,3788,97486,60427,56639
2006-04-30,3788,97488,60429,56641
2006-05-01,3788,97491,60432,56644
2006-05-02,3791,97536,60460,56669
2006-05-03,3794,97580,60465,56671
2006-05-04,3794,97583,60468,56674
2006-05-05,3796,97599,60482,56686
2006-05-08,3796,97602,60485,56689
2006-05-09,3800,97633,60512,56712
2006-05-10,3801,97655,60533,56732
2006-05-11,3801,97664,60542,56741
2006-05-15,3802,97672,60549,56747
2006-05-16,3803,97680,60556,56753
2006-05-17,3803,97687,60563,56760
2006-05-18,3803,97700,60576,56773
2006-05-19,3803,97703,60579,56776
2006-05-22,3805,98298,61172,57367
2006-05-23,3805,98299,61173,57368
2006-05-26,3809,98326,61184,57375
2006-05-30,3809,98345,61203,57394
2006-05-31,3809,98374,61232,57423
2006-06-02,3809,98500,61358,57549
2006-06-05,3809,98510,61368,57559
2006-06-06,3809,98514,61372,57563
2006-06-07,3809,98519,61377,57568
2006-06-08,3809,98521,61379,57570
2006-06-09,3811,98546,61402,57591
2006-06-13,3811,98613,61469,57658
2006-06-14,3811,98615,61471,57660
2006-06-15,3811,99489,62345,58534
2006-06-16,3812,99523,62378,58566
2006-06-20,3812,99538,62393,58581
2006-06-21,3813,99558,62412,58599
2006-06-22,3813,99560,62414,58601
2006-06-23,3815,99580,62432,58617
2006-06-26,3815,99581,62433,58618
2006-06-27,3815,99590,62442,58627
2006-06-28,3815,99593,62445,58630
2006-06-29,3820,99658,62481,58661
2006-06-30,3820,99663,62486,58666
2006-07-03,3820,99679,62502,58682
2006-07-04,3821,99701,62523,58702
2006-07-05,3821,99727,62549,58728
2006-07-06,3821,99746,62568,58747
2006-07-07,3822,99783,62600,58778
2006-07-10,3826,99826,62636,58810
2006-07-11,3830,99959,62677,58847
2006-07-12,3833,100009,62722,58889
2006-07-13,3835,100068,62769,58934
2006-07-14,3844,100176,62845,59001
2006-07-17,3844,100181,62850,59006
2006-07-18,3845,100191,62859,59014
2006-07-19,3846,100232,62897,59051
2006-07-20,3847,100253,62915,59068
2006-07-21,3847,100267,62929,59082
2006-07-24,3853,100317,62955,59102
2006-07-25,3861,100386,63012,59151
2006-07-26,3863,100447,63071,59208
2006-07-27,3868,100531,63124,59256
2006-07-28,3868,100560,63153,59285
2006-07-31,3869,100567,63159,59290
2006-08-01,3870,100579,63170,59300
2006-08-02,3870,100581,63172,59302
2006-08-03,3871,100600,63190,59319
2006-08-04,3874,100635,63214,59340
2006-08-07,3885,100705,63241,59356
2006-08-08,3892,100741,63270,59378
2006-08-09,3894,100786,63313,59419
2006-08-10,3900,100851,63372,59472
2006-08-11,3903,100889,63407,59504
2006-08-14,3905,100946,63462,59557
2006-08-15,3907,100974,63487,59580
2006-08-16,3911,101009,63517,59606
2006-08-17,3911,101027,63535,59624
2006-08-18,3922,101123,63586,59664
2006-08-21,3930,101210,63664,59734
2006-08-22,3941,101319,63753,59812
2006-08-23,3946,101402,63802,59856
2006-08-24,3949,101437,63828,59879
2006-08-25,3950,101448,63835,59885
2006-08-28,3958,101490,63861,59903
2006-08-29,3968,101533,63881,59913
2006-08-30,3981,101601,63926,59945
2006-08-31,3984,101657,63979,59995
2006-09-01,3985,101703,64024,60039
2006-09-04,3985,101746,64067,60082
2006-09-05,3990,101766,64078,60088
2006-09-06,3993,101791,64100,60107
2006-09-07,4001,101825,64116,60115
2006-09-08,4004,101852,64140,60136
2006-09-11,4011,101873,64153,60142
2006-09-12,4025,101936,64177,60152
2006-09-13,4026,101967,64207,60181
2006-09-14,4031,101987,64219,60188
2006-09-15,4031,101999,64231,60200
2006-09-16,4031,102007,64239,60208
2006-09-17,4032,102021,64252,60220
2006-09-18,4034,102049,64278,60244
2006-09-19,4034,102052,64281,60247
2006-09-20,4141,102857,64936,60795
2006-09-21,4141,102861,64940,60799
2006-09-22,4142,109350,71428,67286
2006-09-23,4142,109351,71429,67287
2006-09-26,4142,109357,71435,67293
2006-09-27,4143,109384,71460,67317
2006-09-28,4144,109504,71578,67434
2006-09-29,4147,109563,71633,67486
2006-10-02,4148,109592,71650,67502
2006-10-03,4149,109625,71682,67533
2006-10-04,4149,109628,71685,67536
2006-10-05,4150,109631,71686,67536
2006-10-06,4150,109886,71941,67791
2006-10-09,4159,109982,71963,67804
2006-10-10,4161,110063,71994,67833
2006-10-11,4161,110066,71997,67836
2006-10-12,4161,110079,72010,67849
2006-10-13,4161,110093,72024,67863
2006-10-16,4161,110094,72025,67864
2006-10-23,4161,110139,72070,67909
2006-10-24,4162,110184,72110,67948
2006-10-25,5738,118925,74105,68367
2006-10-26,5738,118948,74128,68390
2006-10-27,5738,118959,74139,68401
2006-10-30,5753,119043,74202,68449
2006-10-31,5760,119169,74311,68551
2006-11-01,5776,119244,74366,68590
2006-11-02,5782,119287,74402,68620
2006-11-03,5782,119496,74611,68829
2006-11-06,5785,119585,74697,68912
2006-11-07,5785,119606,74718,68933
2006-11-08,5789,119643,74748,68959
2006-11-09,5789,119661,74766,68977
2006-11-10,5789,119680,74785,68996
2006-11-13,5789,119689,74794,69005
2006-11-14,5794,119716,74815,69021
2006-11-15,5794,119727,74826,69032
2006-11-16,5795,119731,74829,69034
2006-11-17,5798,119768,74862,69064
2006-11-20,5800,119796,74883,69083
2006-11-21,5801,119814,74900,69099
2006-11-22,5803,119830,74914,69111
2006-11-23,5805,119844,74926,69121
2006-11-24,5816,119920,74960,69144
2006-11-27,5816,119926,74966,69150
2006-11-28,5827,120113,74989,69162
2006-11-29,5838,120155,75011,69173
2006-11-30,5840,120174,75028,69188
2006-12-01,5842,120250,75056,69214
2006-12-04,5851,120305,75098,69247
2006-12-05,5873,120416,75130,69257
2006-12-06,5880,120445,75151,69271
2006-12-07,5881,120450,75155,69274
2006-12-08,5882,120457,75161,69279
2006-12-11,5892,120482,75174,69282
2006-12-12,5893,120487,75178,69285
2006-12-13,5897,120506,75193,69296
2006-12-14,5897,120507,75194,69297
2006-12-15,5897,120512,75199,69302
2006-12-18,5899,120523,75208,69309
2006-12-19,5902,120541,75216,69314
2006-12-20,5902,120557,75232,69330
2006-12-21,5907,120579,75244,69337
2006-12-22,5908,120583,75245,69337
2007-01-02,5908,120590,75252,69344
2007-01-03,5908,120601,75263,69355
2007-01-04,5910,120624,75279,69369
2007-01-05,5921,120682,75321,69400
2007-01-08,5921,120701,75340,69419
2007-01-09,5921,120702,75341,69420
2007-01-10,5944,120802,75378,69434
2007-01-11,5945,120811,75386,69441
2007-01-12,5945,120816,75391,69446
2007-01-16,5945,120822,75397,69452
2007-01-17,5947,120831,75404,69457
2007-01-18,5947,120836,75409,69462
2007-01-19,5947,120867,75440,69493
2007-01-22,5953,120910,75470,69517
2007-01-23,5954,120917,75476,69522
2007-01-24,5960,120971,75493,69533
2007-01-25,5964,120982,75498,69534
2007-01-26,5969,121056,75511,69542
2007-01-28,5969,121060,75515,69546
2007-01-29,5978,121127,75545,69567
2007-01-30,5982,121200,75561,69579
2007-01-31,5984,121216,75573,69589
2007-02-01,5984,121221,75578,69594
2007-02-02,5984,121223,75580,69596
2007-02-05,5987,121296,75650,69663
2007-02-06,5987,122162,76516,70529
2007-02-07,5989,122184,76536,70547
2007-02-08,5996,122227,76569,70573
2007-02-09,6013,122300,76612,70599
2007-02-13,6021,122335,76638,70617
2007-02-14,6021,122349,76652,70631
2007-02-15,6021,122357,76660,70639
2007-02-16,6022,122400,76702,70680
2007-02-19,6022,122410,76712,70690
2007-02-20,6033,122468,76752,70719
2007-02-21,6048,122552,76783,70735
2007-02-22,6048,122600,76831,70783
2007-02-23,6050,122664,76893,70843
2007-02-25,6050,122668,76897,70847
2007-02-26,6051,122679,76907,70856
2007-02-27,6052,122688,76914,70862
2007-02-28,6052,122704,76930,70878
2007-03-01,6054,122718,76937,70883
2007-03-02,6059,122734,76946,70887
2007-03-05,6071,122845,76978,70907
2007-03-06,6075,122872,77000,70925
2007-03-07,6081,122925,77034,70953
2007-03-08,6084,122952,77055,70971
2007-03-09,6088,122974,77069,70981
2007-03-12,6088,122978,77073,70985
2007-03-13,6090,123004,77095,71005
2007-03-14,6090,123042,77133,71043
2007-03-15,6092,123108,77197,71105
2007-03-16,6092,123112,77201,71109
2007-03-19,6094,123119,77206,71112
2007-03-20,6095,123139,77225,71130
2007-03-21,6097,123195,77230,71133
2007-03-22,6097,123198,77233,71136
2007-03-23,6099,123210,77243,71144
2007-03-26,6101,123219,77249,71148
2007-03-27,6113,123596,77270,71157
2007-03-28,6120,123704,77289,71169
2007-03-29,6120,123708,77293,71173
2007-03-30,6122,123720,77295,71173
2007-04-02,6123,123729,77303,71180
2007-04-03,6126,123742,77311,71185
2007-04-04,6134,123865,77339,71205
2007-04-05,6141,123894,77361,71220
2007-04-10,6145,123938,77382,71237
2007-04-11,6145,123959,77403,71258
2007-04-12,6145,123966,77410,71265
2007-04-13,6145,123974,77418,71273
2007-04-16,6146,123977,77420,71274
2007-04-17,6149,125047,78267,72118
2007-04-18,6150,125058,78277,72127
2007-04-19,6150,125062,78281,72131
2007-04-20,6157,125108,78319,72162
2007-04-22,6158,125113,78323,72165
2007-04-23,6164,125166,78345,72181
2007-04-24,6165,125173,78351,72186
2007-04-25,6165,125285,78463,72298
2007-04-26,6165,125289,78467,72302
2007-04-27,6168,125307,78481,72313
2007-04-30,6168,125312,78486,72318
2007-05-01,6176,125379,78511,72335
2007-05-02,6185,125432,78526,72341
2007-05-03,6185,125433,78527,72342
2007-05-04,6186,125440,78532,72346
2007-05-08,6187,125460,78550,72363
2007-05-09,6192,125477,78561,72369
2007-05-10,6193,125479,78562,72369
2007-05-11,6200,125525,78571,72371
2007-05-14,6209,125594,78597,72388
2007-05-15,6218,125663,78633,72415
2007-05-16,6221,125681,78639,72418
2007-05-17,6221,125692,78650,72429
2007-05-18,6221,125700,78658,72437
2007-05-21,6230,125748,78670,72440
2007-05-22,6230,125759,78681,72451
2007-05-23,6232,125766,78684,72452
2007-05-24,6232,125767,78685,72453
2007-05-25,6236,125800,78714,72478
2007-05-29,6236,125807,78721,72485
2007-05-30,6237,125838,78740,72503
2007-05-31,6241,125886,78748,72507
2007-06-04,6241,125890,78752,72511
2007-06-05,6242,125906,78767,72525
2007-06-06,6242,125916,78777,72535
2007-06-07,6249,125934,78786,72537
2007-06-11,6249,125940,78792,72543
2007-06-12,6252,125961,78806,72554
2007-06-13,6255,125989,78830,72575
2007-06-14,6257,126010,78845,72588
2007-06-15,6258,126018,78851,72593
2007-06-18,6264,126046,78867,72603
2007-06-19,6269,126094,78904,72635
2007-06-20,6275,126179,78947,72672
2007-06-21,6275,126193,78961,72686
2007-06-22,6276,126205,78971,72695
2007-06-25,6281,126231,78990,72709
2007-06-26,6285,126247,79000,72715
2007-06-27,6286,126251,79003,72717
2007-06-28,6288,126259,79009,72721
2007-06-29,6292,126352,79095,72803
2007-07-02,6292,126358,79101,72809
2007-07-03,6292,126362,79105,72813
2007-07-04,6292,126367,79110,72818
2007-07-06,6297,126524,79256,72959
2007-07-08,6297,138452,91184,84887
2007-07-11,6298,138492,91218,84920
2007-07-12,6300,138506,91230,84930
2007-07-13,6300,138542,91266,84966
2007-07-16,6322,138747,91330,85008
2007-07-17,6325,138781,91360,85035
2007-07-18,6330,138835,91385,85055
2007-07-19,6330,138846,91396,85066
2007-07-20,6335,138885,91430,85095
2007-07-23,6345,138951,91456,85111
2007-07-24,6346,138961,91465,85119
2007-07-25,6348,139285,91696,85348
2007-07-26,6348,139363,91774,85426
2007-07-27,6351,139374,91782,85431
2007-07-29,6351,139378,91786,85435
2007-07-30,6351,139468,91876,85525
2007-07-31,6351,139480,91888,85537
2007-08-01,6352,139494,91901,85549
2007-08-02,6358,139545,91910,85552
2007-08-03,6360,139554,91917,85557
2007-08-06,6363,139563,91923,85560
2007-08-07,6363,139610,91970,85607
2007-08-08,6366,139637,91994,85628
2007-08-09,6367,139655,92000,85633
2007-08-10,6367,139679,92024,85657
2007-08-13,6369,139688,92031,85662
2007-08-14,6369,139709,92052,85683
2007-08-15,6369,139718,92061,85692
2007-08-16,6391,140552,92084,85693
2007-08-17,6391,140568,92100,85709
2007-08-20,6391,140569,92101,85710
2007-08-21,6392,140597,92117,85725
2007-08-22,6392,140602,92122,85730
2007-08-23,6392,140609,92129,85737
2007-08-24,6394,140672,92153,85759
2007-08-27,6394,140707,92188,85794
2007-08-28,6396,140763,92219,85823
2007-08-29,6397,140787,92238,85841
2007-08-30,6398,140833,92279,85881
2007-08-31,6398,140839,92285,85887
2007-09-03,6422,141113,92351,85929
2007-09-04,6425,141146,92376,85951
2007-09-05,6425,141166,92396,85971
2007-09-07,6425,141214,92444,86019
2007-09-10,6425,141241,92471,86046
2007-09-11,6428,141309,92536,86108
2007-09-12,6433,141381,92602,86169
2007-09-13,6434,141432,92652,86218
2007-09-14,6437,141510,92724,86287
2007-09-15,6437,141517,92731,86294
2007-09-17,6437,141552,92766,86329
2007-09-18,6443,141612,92817,86374
2007-09-19,6461,141749,92857,86396
2007-09-20,6463,141774,92880,86417
2007-09-21,6464,141810,92915,86451
2007-09-23,6464,141811,92916,86452
2007-09-24,6465,141864,92968,86503
2007-09-25,6469,141925,93024,86555
2007-09-26,6471,141961,93054,86583
2007-09-27,6477,142016,93103,86626
2007-09-28,6479,142063,93148,86669
2007-10-01,6484,142131,93202,86718
2007-10-02,6484,142161,93232,86748
2007-10-03,6485,142198,93268,86783
2007-10-04,6492,142253,93290,86798
2007-10-05,6507,142352,93329,86822
2007-10-08,6507,142367,93344,86837
2007-10-09,6507,142381,93358,86851
2007-10-10,6507,142413,93390,86883
2007-10-11,6510,142453,93427,86917
2007-10-12,6513,142496,93467,86954
2007-10-15,6513,142546,93517,87004
2007-10-16,6517,142564,93531,87014
2007-10-17,6518,142584,93550,87032
2007-10-18,6518,142648,93614,87096
2007-10-19,6518,142670,93636,87118
2007-10-23,6518,142682,93648,87130
2007-10-24,6526,142703,93661,87135
2007-10-25,6530,142714,93668,87138
2007-10-26,6537,142737,93684,87147
2007-10-29,6541,142748,93690,87149
2007-10-30,6555,142829,93744,87189
2007-10-31,6559,142884,93794,87235
2007-11-01,6559,142887,93797,87238
2007-11-02,6561,142902,93810,87249
2007-11-05,6562,142913,93820,87258
2007-11-06,6562,142984,93891,87329
2007-11-07,6564,143006,93906,87342
2007-11-08,6566,143061,93922,87356
2007-11-09,6569,143095,93953,87384
2007-11-12,6569,143103,93961,87392
2007-11-13,6571,143132,93986,87415
2007-11-14,6577,143167,94013,87436
2007-11-15,6578,143182,94027,87449
2007-11-16,6586,143226,94063,87477
2007-11-19,6588,143245,94080,87492
2007-11-20,6592,143277,94108,87516
2007-11-21,6594,143324,94144,87550
2007-11-22,6597,143349,94164,87567
2007-11-23,6600,143383,94195,87595
2007-11-26,6600,143390,94202,87602
2007-11-27,6606,143488,94219,87613
2007-11-28,6608,143540,94267,87659
2007-11-29,6616,143638,94335,87719
2007-11-30,6623,143722,94408,87785
2007-12-03,6627,143769,94450,87823
2007-12-04,6640,143829,94493,87853
2007-12-05,6645,143887,94545,87900
2007-12-06,6646,143932,94588,87942
2007-12-07,6646,143951,94607,87961
2007-12-10,6649,143994,94646,87997
2007-12-11,6650,144048,94699,88049
2007-12-12,6658,144102,94721,88063
2007-12-13,6658,144123,94742,88084
2007-12-14,6659,144161,94778,88119
2007-12-17,6662,144213,94817,88155
2007-12-18,6663,144223,94826,88163
2007-12-19,6663,144229,94832,88169
2007-12-20,6663,144240,94843,88180
2007-12-21,6664,144243,94845,88181
2007-12-22,6664,144259,94861,88197
2008-01-02,6664,144263,94865,88201
2008-01-03,6664,144281,94883,88219
2008-01-04,6664,144301,94903,88239
2008-01-07,6668,144353,94946,88278
2008-01-08,6673,144409,94996,88323
2008-01-09,6675,144942,95525,88850
2008-01-10,6676,144951,95533,88857
2008-01-11,6676,144953,95535,88859
2008-01-14,6676,145040,95622,88946
2008-01-15,6679,145089,95645,88966
2008-01-16,6679,145109,95665,88986
2008-01-17,6679,145114,95670,88991
2008-01-18,6679,145116,95672,88993
2008-01-19,6679,145117,95673,88994
2008-01-21,6679,148823,99379,92700
2008-01-22,6680,148862,99417,92737
2008-01-23,6681,148882,99436,92755
2008-01-24,6685,152133,102675,95990
2008-01-25,6686,152139,102680,95994
2008-01-28,6691,152157,102691,96000
2008-01-29,6693,152708,103240,96547
2008-01-30,6693,152717,103249,96556
2008-01-31,6693,152721,103253,96560
2008-02-01,6693,152725,103257,96564
2008-02-04,6694,152751,103280,96586
2008-02-05,6695,152773,103299,96604
2008-02-06,6700,152869,103324,96624
2008-02-07,6705,152905,103349,96644
2008-02-08,6706,152918,103359,96653
2008-02-11,6708,152950,103387,96679
2008-02-12,6708,152951,103388,96680
2008-02-13,6710,152960,103393,96683
2008-02-15,6711,153015,103403,96692
2008-02-18,6711,153021,103409,96698
2008-02-19,6714,153118,103503,96789
2008-02-20,6714,153135,103520,96806
2008-02-21,6717,153222,103602,96885
2008-02-22,6717,153236,103616,96899
2008-02-25,6721,153309,103628,96907
2008-02-27,6727,154043,103676,96949
2008-02-28,6734,154164,103685,96951
2008-02-29,6736,154180,103699,96963
2008-03-03,6736,154190,103709,96973
2008-03-04,6748,154229,103736,96988
2008-03-05,6755,154257,103757,97002
2008-03-06,6757,154280,103778,97021
2008-03-07,6757,154291,103789,97032
2008-03-10,6757,154304,103802,97045
2008-03-11,6758,154307,103804,97046
2008-03-12,6758,154314,103811,97053
2008-03-13,6760,154328,103821,97061
2008-03-14,6760,154330,103823,97063
2008-03-17,6760,154339,103832,97072
2008-03-18,6760,154343,103836,97076
2008-03-19,6763,154362,103852,97089
2008-03-20,6763,154371,103861,97098
2008-03-25,6763,154381,103871,97108
2008-03-26,6768,154423,103908,97140
2008-03-27,6768,154428,103913,97145
2008-03-28,6768,154432,103917,97149
2008-03-31,6768,154465,103950,97182
2008-04-01,6768,154480,103965,97197
2008-04-02,6768,154483,103968,97200
2008-04-03,6773,154507,103986,97213
2008-04-04,6777,154521,103996,97219
2008-04-08,6777,154537,104012,97235
2008-04-09,6779,154544,104017,97238
2008-04-10,6782,154578,104046,97264
2008-04-11,6783,154595,104062,97279
2008-04-14,6797,154688,104141,97344
2008-04-15,6798,154707,104158,97360
2008-04-16,6799,154733,104181,97382
2008-04-17,6800,154745,104192,97392
2008-04-18,6800,154752,104199,97399
2008-04-21,6800,154759,104206,97406
2008-04-22,6802,154774,104219,97417
2008-04-23,6802,154776,104221,97419
2008-04-24,6806,154813,104253,97447
2008-04-25,6806,154823,104263,97457
2008-04-28,6810,154852,104287,97477
2008-04-29,6812,154864,104296,97484
2008-04-30,6812,154874,104306,97494
2008-05-01,6812,154881,104313,97501
2008-05-02,6818,154929,104354,97536
2008-05-06,6823,154967,104386,97563
2008-05-07,6827,154994,104409,97582
2008-05-08,6831,155057,104442,97611
2008-05-09,6838,155094,104470,97632
2008-05-12,6843,155108,104477,97634
2008-05-13,6844,155116,104484,97640
2008-05-14,6848,155158,104521,97673
2008-05-15,6858,155364,104542,97684
2008-05-16,6858,155379,104557,97699
2008-05-19,6864,155424,104594,97730
2008-05-20,6864,155476,104646,97782
2008-05-21,6878,155541,104688,97810
2008-05-22,6881,155556,104696,97815
2008-05-23,6882,155568,104707,97825
2008-05-27,6882,155577,104716,97834
2008-05-28,6890,155607,104736,97846
2008-05-29,6894,155619,104744,97850
2008-05-30,6897,155693,104749,97852
2008-06-02,6897,155703,104759,97862
2008-06-03,6900,155723,104776,97876
2008-06-04,6902,155777,104828,97926
2008-06-05,6903,155836,104886,97983
2008-06-06,6906,155851,104895,97989
2008-06-09,6911,155871,104909,97998
2008-06-10,6912,155889,104924,98012
2008-06-11,6916,155920,104948,98032
2008-06-12,6920,155957,104973,98053
2008-06-13,6920,155970,104986,98066
2008-06-16,6921,155981,104990,98069
2008-06-17,6932,156032,105016,98084
2008-06-18,6933,156070,105052,98119
2008-06-19,6934,156088,105068,98134
2008-06-20,6934,156090,105070,98136
2008-06-23,6942,156118,105089,98147
2008-06-24,6947,156134,105100,98153
2008-06-25,6951,156148,105109,98158
2008-06-26,6951,156149,105110,98159
2008-06-27,6955,156170,105124,98169
2008-06-30,6964,156227,105147,98183
2008-07-01,6968,156301,105210,98242
2008-07-02,6968,156310,105219,98251
2008-07-03,6968,156334,105243,98275
2008-07-04,6968,156338,105247,98279
2008-07-07,6968,156342,105251,98283
2008-07-08,6979,156419,105296,98317
2008-07-09,6987,156469,105333,98346
2008-07-10,6992,156545,105394,98402
2008-07-11,6999,156582,105421,98422
2008-07-14,7000,156592,105430,98430
2008-07-15,7000,156615,105453,98453
2008-07-16,7010,156748,105575,98565
2008-07-17,7011,156790,105611,98600
2008-07-18,7011,156814,105635,98624
2008-07-21,7013,156859,105678,98665
2008-07-22,7019,156876,105689,98670
2008-07-23,7023,156915,105720,98697
2008-07-24,7026,156934,105734,98708
2008-07-25,7028,156945,105743,98715
2008-07-28,7029,156966,105763,98734
2008-07-29,7030,156987,105783,98753
2008-07-31,7030,156993,105789,98759
2008-08-05,7036,157032,105815,98779
2008-08-06,7041,157068,105846,98805
2008-08-07,7045,157096,105866,98821
2008-08-08,7050,157148,105913,98863
2008-08-11,7050,157165,105930,98880
2008-08-12,7056,157219,105978,98922
2008-08-13,7065,157282,106027,98962
2008-08-15,7065,157305,106050,98985
2008-08-18,7065,157325,106070,99005
2008-08-19,7065,157330,106075,99010
2008-08-20,7065,157336,106081,99016
2008-08-21,7066,157353,106097,99031
2008-08-22,7066,157368,106112,99046
2008-08-26,7066,157374,106118,99052
2008-08-27,7066,157383,106127,99061
2008-08-28,7067,157391,106129,99062
2008-08-29,7068,157457,106194,99126
2008-09-01,7068,157460,106197,99129
2008-09-02,7068,157551,106288,99220
2008-09-03,7068,157595,106332,99264
2008-09-04,7068,157597,106334,99266
2008-09-05,7068,157603,106340,99272
2008-09-08,7068,157621,106358,99290
2008-09-09,7068,157634,106371,99303
2008-09-10,7074,157689,106418,99344
2008-09-11,7077,157757,106430,99353
2008-09-12,7087,157851,106502,99415
2008-09-15,7091,157905,106550,99459
2008-09-16,7094,157923,106563,99469
2008-09-17,7094,159137,107777,100683
2008-09-18,7094,159172,107812,100718
2008-09-19,7112,159285,107870,100758
2008-09-22,7114,159323,107902,100788
2008-09-23,7129,159421,107960,100831
2008-09-24,7129,159436,107975,100846
2008-09-25,7137,159566,108088,100951
2008-09-26,7140,159641,108159,101019
2008-09-29,7148,159709,108214,101066
2008-09-30,7148,159719,108224,101076
2008-10-01,7173,159843,108282,101109
2008-10-02,7175,159869,108299,101124
2008-10-03,7179,159904,108330,101151
2008-10-06,7181,159933,108356,101175
2008-10-07,7184,159956,108375,101191
2008-10-08,7195,160098,108400,101205
2008-10-09,7195,160114,108416,101221
2008-10-10,7195,160120,108422,101227
2008-10-13,7201,160159,108448,101247
2008-10-14,7201,160206,108495,101294
2008-10-15,7208,160318,108557,101349
2008-10-16,7208,160343,108582,101374
2008-10-17,7212,160390,108608,101396
2008-10-20,7215,160415,108630,101415
2008-10-21,7219,160452,108663,101444
2008-10-22,7220,160576,108689,101469
2008-10-23,7223,160617,108722,101499
2008-10-24,7225,160627,108729,101504
2008-10-27,7225,160638,108740,101515
2008-10-28,7225,160657,108759,101534
2008-10-29,7225,160667,108769,101544
2008-10-30,7225,160706,108808,101583
2008-11-03,7225,160711,108813,101588
2008-11-04,7237,160785,108860,101623
2008-11-05,7242,160859,108921,101679
2008-11-06,7242,160887,108949,101707
2008-11-07,7243,160930,108991,101748
2008-11-10,7243,160965,109026,101783
2008-11-11,7247,160988,109045,101798
2008-11-12,7258,161068,109077,101819
2008-11-13,7265,161112,109087,101822
2008-11-14,7267,161698,109671,102404
2008-11-17,7270,161732,109702,102432
2008-11-18,7279,161858,109754,102475
2008-11-19,7290,161925,109810,102520
2008-11-20,7291,162080,109964,102673
2008-11-21,7293,162206,110088,102795
2008-11-24,7293,162217,110099,102806
2008-11-25,7295,162222,110101,102806
2008-11-26,7312,162299,110161,102849
2008-11-27,7314,162307,110167,102853
2008-11-28,7314,162309,110169,102855
2008-11-29,7314,162312,110172,102858
2008-12-01,7320,162365,110218,102898
2008-12-02,7345,162489,110286,102941
2008-12-03,7347,162510,110303,102956
2008-12-04,7353,162550,110337,102984
2008-12-05,7355,162663,110448,103093
2008-12-08,7356,162672,110456,103100
2008-12-09,7358,162696,110478,103120
2008-12-10,7358,162714,110496,103138
2008-12-11,7358,162716,110498,103140
2008-12-12,7358,162723,110505,103147
2008-12-15,7359,162763,110544,103185
2008-12-16,7360,162829,110609,103249
2008-12-18,7360,162830,110610,103250
2008-12-19,7424,163514,111002,103578
2009-01-05,7427,163574,111055,103628
2009-01-06,7429,163605,111084,103655
2009-01-07,7430,163632,111110,103680
2009-01-08,7434,163656,111130,103696
2009-01-09,7437,163686,111157,103720
2009-01-15,7443,163707,111171,103728
2009-01-16,7454,164050,111499,104045
2009-01-19,7454,164065,111514,104060
2009-01-20,7456,164077,111521,104065
2009-01-21,7457,164164,111522,104065
2009-01-22,7460,164350,111559,104099
2009-01-23,7497,164517,111619,104122
2009-01-26,7498,164524,111624,104126
2009-01-27,7502,164544,111638,104136
2009-01-28,7505,164595,111658,104153
2009-01-29,7508,164623,111683,104175
2009-01-30,7508,164626,111686,104178
2009-02-02,7508,164635,111695,104187
2009-02-03,7508,164645,111705,104197
2009-02-04,7509,164664,111721,104212
2009-02-05,7513,164680,111733,104220
2009-02-06,7513,164683,111736,104223
2009-02-09,7519,164717,111750,104231
2009-02-10,7519,164719,111752,104233
2009-02-11,7519,164723,111756,104237
2009-02-12,7519,164727,111760,104241
2009-02-13,7522,165066,111773,104251
2009-02-15,7522,165075,111782,104260
2009-02-16,7522,165089,111796,104274
2009-02-17,7523,165100,111806,104283
2009-02-18,7523,165130,111836,104313
2009-02-19,7524,165139,111843,104319
2009-02-23,7689,166277,112376,104687
2009-02-24,7691,166378,112473,104782
2009-02-25,7691,166416,112511,104820
2009-02-27,7691,166430,112525,104834
2009-03-02,7691,166437,112532,104841
2009-03-03,7693,166732,112714,105021
2009-03-04,7694,166753,112734,105040
2009-03-05,7695,166768,112740,105045
2009-03-06,7697,166782,112752,105055
2009-03-09,7697,166785,112755,105058
2009-03-10,7700,166808,112775,105075
2009-03-11,7704,166846,112803,105099
2009-03-12,7704,166861,112818,105114
2009-03-13,7706,166876,112825,105119
2009-03-16,7706,166882,112831,105125
2009-03-17,7708,166913,112860,105152
2009-03-18,7709,166943,112889,105180
2009-03-19,7712,166953,112894,105182
2009-03-20,7712,166968,112909,105197
2009-03-23,7712,167040,112981,105269
2009-03-24,7714,167127,113063,105349
2009-03-25,7716,167145,113079,105363
2009-03-26,7718,167162,113094,105376
2009-03-27,7718,167167,113099,105381
2009-03-30,7721,167227,113139,105418
2009-03-31,7723,167288,113198,105475
2009-04-01,7723,167370,113280,105557
2009-04-02,7727,167404,113310,105583
2009-04-06,7747,167468,113333,105586
2009-04-07,7748,167707,113348,105600
2009-04-08,7749,167835,113361,105612
2009-04-09,7749,167873,113399,105650
2009-04-14,7751,167896,113405,105654
2009-04-15,7757,167947,113437,105680
2009-04-16,7759,167976,113456,105697
2009-04-17,7759,168001,113481,105722
2009-04-20,7759,168016,113496,105737
2009-04-21,7760,168064,113508,105748
2009-04-22,7760,168068,113512,105752
2009-04-24,7760,168585,114029,106269
2009-04-28,7760,168596,114040,106280
2009-04-29,7762,168616,114058,106296
2009-05-01,7762,168619,114061,106299
2009-05-05,7762,168697,114139,106377
2009-05-06,7762,168702,114144,106382
2009-05-07,7766,168780,114176,106410
2009-05-08,7766,168788,114184,106418
2009-05-11,7768,168819,114210,106442
2009-05-12,7769,168830,114220,106451
2009-05-13,7770,168833,114222,106452
2009-05-14,7770,168844,114233,106463
2009-05-15,7771,168853,114241,106470
2009-05-18,7775,168869,114252,106477
2009-05-19,7775,168878,114261,106486
2009-05-20,7781,169705,115082,107301
2009-05-21,7781,169716,115093,107312
2009-05-22,7785,169741,115105,107320
2009-05-27,7785,171546,116910,109125
2009-05-28,7785,171572,116936,109151
2009-06-01,7789,171590,116950,109161
2009-06-02,7796,171626,116963,109167
2009-06-03,7796,171641,116978,109182
2009-06-04,7796,171655,116992,109196
2009-06-05,7796,172136,117473,109677
2009-06-08,7798,172177,117510,109712
2009-06-09,7802,172201,117529,109727
2009-06-10,7815,172242,117550,109735
2009-06-11,7823,172288,117569,109746
2009-06-12,7824,172298,117578,109754
2009-06-15,7824,172317,117597,109773
2009-06-16,7830,172346,117620,109790
2009-06-19,7838,172497,117633,109795
2009-06-22,7844,172570,117680,109836
2009-06-23,7851,172609,117708,109857
2009-06-24,7869,172754,117741,109872
2009-06-29,7871,172778,117760,109889
2009-06-30,7871,172803,117785,109914
2009-07-01,7871,172813,117795,109924
2009-07-02,7871,172822,117804,109933
2009-07-06,7871,172824,117806,109935
2009-07-07,7871,172835,117817,109946
2009-07-08,7871,172971,117953,110082
2009-07-09,7871,172973,117955,110084
2009-07-13,7881,173057,117978,110097
2009-07-14,7898,173181,118010,110112
2009-07-15,7908,173261,118042,110134
2009-07-16,7918,173343,118068,110150
2009-07-17,7919,173354,118078,110159
2009-07-20,7924,173379,118097,110173
2009-07-21,7924,173387,118105,110181
2009-07-22,7924,173429,118147,110223
2009-07-23,7925,173448,118165,110240
2009-07-24,7926,173456,118172,110246
2009-07-27,7926,173602,118318,110392
2009-07-28,7927,173672,118366,110439
2009-07-29,7935,173919,118380,110445
2009-07-31,7935,173922,118383,110448
2009-08-03,7938,173941,118397,110459
2009-08-04,7945,173983,118431,110486
2009-08-06,7946,174031,118477,110531
2009-08-07,7947,174055,118500,110553
2009-08-10,7947,174074,118519,110572
2009-08-11,7948,174102,118546,110598
2009-08-12,7948,174113,118557,110609
2009-08-13,7948,174117,118561,110613
2009-08-14,7955,174136,118572,110617
2009-08-17,7971,174219,118613,110642
2009-08-18,7971,178002,122396,114425
2009-08-19,7977,178066,122452,114475
2009-08-20,7979,178077,122460,114481
2009-08-24,7979,178086,122469,114490
2009-08-25,7979,178092,122475,114496
2009-08-26,7980,178118,122479,114499
2009-08-27,7980,178121,122482,114502
2009-08-28,7985,178143,122490,114505
2009-09-01,7986,178217,122563,114577
2009-09-02,7992,178293,122587,114595
2009-09-03,7994,178318,122608,114614
2009-09-04,7999,178368,122638,114639
2009-09-08,8004,178388,122651,114647
2009-09-09,8014,178437,122674,114660
2009-09-10,8014,178443,122680,114666
2009-09-11,8014,178444,122681,114667
2009-09-14,8014,178445,122682,114668
2009-09-15,8015,178447,122683,114668
2009-09-16,8023,178495,122714,114691
2009-09-18,8025,178514,122727,114702
2009-09-21,8025,178517,122730,114705
2009-09-22,8025,178520,122733,114708
2009-09-23,8025,178525,122738,114713
2009-09-24,8025,178539,122752,114727
2009-09-25,8025,178546,122759,114734
2009-09-28,8026,178557,122769,114743
2009-09-29,8026,178560,122772,114746
2009-09-30,8026,178561,122773,114747
2009-10-01,8027,178568,122779,114752
2009-10-02,8028,178577,122787,114759
2009-10-05,8032,178604,122810,114778
2009-10-06,8037,178619,122818,114781
2009-10-07,8037,178627,122826,114789
2009-10-08,8043,178669,122834,114791
2009-10-09,8047,178758,122841,114794
2009-10-12,8054,178773,122849,114795
2009-10-13,8066,178860,122876,114810
2009-10-14,8067,178937,122887,114820
2009-10-15,8067,178952,122902,114835
2009-10-16,8067,178977,122927,114860
2009-10-19,8067,178980,122930,114863
2009-10-20,8067,178984,122934,114867
2009-10-21,8067,178998,122948,114881
2009-10-22,8071,179045,122979,114908
2009-10-23,8071,179061,122995,114924
2009-10-26,8074,179072,123002,114928
2009-10-27,8076,179080,123004,114928
2009-10-28,8076,179089,123013,114937
2009-10-29,8076,179091,123015,114939
2009-11-02,8077,179111,123034,114957
2009-11-03,8078,179143,123049,114971
2009-11-04,8082,179191,123079,114997
2009-11-05,8083,179207,123093,115010
2009-11-06,8090,179370,123106,115016
2009-11-12,8093,179377,123110,115017
2009-11-13,8093,179393,123126,115033
2009-11-16,8094,179398,123127,115033
2009-11-17,8103,179501,123139,115036
2009-11-18,8120,179809,123171,115051
2009-11-20,8122,179820,123180,115058
2009-11-23,8122,179823,123183,115061
2009-11-24,8123,179834,123193,115070
2009-11-25,8126,179909,123265,115139
2009-11-26,8127,179929,123284,115157
2009-11-30,8128,179938,123292,115164
2009-12-01,8130,179967,123313,115183
2009-12-02,8134,180034,123332,115198
2009-12-03,8134,180061,123359,115225
2009-12-04,8135,180095,123383,115248
2009-12-07,8135,180100,123388,115253
2009-12-11,8135,180102,123390,115255
2009-12-14,8137,180127,123397,115260
2009-12-15,8142,180151,123410,115268
2009-12-16,8142,180158,123417,115275
2009-12-17,8143,180167,123425,115282
2009-12-18,8236,181747,123525,115289
2010-01-04,8237,181792,123537,115300
2010-01-05,8237,181799,123544,115307
2010-01-06,8240,181809,123551,115311
2010-01-07,8240,181822,123564,115324
2010-01-08,8240,181831,123573,115333
2010-01-11,8240,181853,123595,115355
2010-01-12,8241,181861,123599,115358
2010-01-13,8241,181873,123611,115370
2010-01-14,8241,181889,123627,115386
2010-01-15,8254,181948,123646,115392
2010-01-18,8264,182383,124049,115785
2010-01-19,8264,182388,124054,115790
2010-01-20,8271,182455,124078,115807
2010-01-21,8271,182460,124083,115812
2010-01-22,8271,182463,124086,115815
2010-01-25,8281,182496,124104,115823
2010-01-26,8283,182704,124310,116027
2010-01-27,8293,182861,124358,116065
2010-01-28,8497,185388,124638,116141
2010-01-29,8509,185453,124661,116152
2010-02-01,8512,185489,124691,116179
2010-02-02,8514,185596,124795,116281
2010-02-03,8514,185611,124810,116296
2010-02-04,8522,185659,124830,116308
2010-02-05,8527,185692,124854,116327
2010-02-09,8528,185695,124856,116328
2010-02-10,8529,185711,124871,116342
2010-02-11,8530,185735,124892,116362
2010-02-12,8533,185770,124922,116389
2010-02-15,8533,185772,124924,116391
2010-02-16,8539,185793,124939,116400
2010-02-18,8539,185799,124945,116406
2010-02-19,8539,185800,124946,116407
2010-02-22,8539,185804,124950,116411
2010-02-23,8543,185819,124960,116417
2010-02-24,8543,185887,125028,116485
2010-02-25,8544,185962,125102,116558
2010-02-26,8544,185973,125113,116569
2010-03-01,8561,186130,125159,116598
2010-03-02,8561,186145,125174,116613
2010-03-03,8586,186258,125214,116628
2010-03-04,8588,186269,125219,116631
2010-03-05,8588,186327,125277,116689
2010-03-08,8600,186416,125340,116740
2010-03-09,8614,186446,125356,116742
2010-03-10,8614,186457,125367,116753
2010-03-11,8818,187957,125613,116795
2010-03-12,8837,188174,125635,116798
2010-03-15,8838,188235,125695,116857
2010-03-16,8923,189036,125811,116888
2010-03-17,8925,189049,125822,116897
2010-03-18,8929,189086,125851,116922
2010-03-19,8929,189107,125872,116943
2010-03-22,8931,189194,125932,117001
2010-03-23,8931,189378,126116,117185
2010-03-24,8931,189413,126151,117220
2010-03-25,8933,189432,126168,117235
2010-03-26,8934,189456,126191,117257
2010-03-29,8935,189494,126201,117266
2010-03-30,8939,189562,126256,117317
2010-04-06,8954,189654,126289,117335
2010-04-07,8965,189797,126315,117350
2010-04-08,8973,189850,126333,117360
2010-04-09,8981,189890,126356,117375
2010-04-12,8988,189983,126442,117454
2010-04-13,8989,190039,126444,117455
2010-04-14,8990,190045,126447,117457
2010-04-15,8992,190091,126490,117498
2010-04-16,9010,190189,126516,117506
2010-04-19,9015,190205,126527,117512
2010-04-20,9021,190255,126549,117528
2010-04-21,9021,190267,126561,117540
2010-04-22,9021,190278,126572,117551
2010-04-23,9021,190291,126585,117564
2010-04-26,9021,190293,126587,117566
2010-04-27,9026,190327,126609,117583
2010-04-28,9030,190383,126628,117598
2010-04-29,9115,190899,126735,117620
2010-04-30,9116,190910,126737,117621
2010-05-04,9125,190985,126792,117667
2010-05-05,9135,191125,126918,117783
2010-05-06,9135,191133,126926,117791
2010-05-07,9139,191149,126938,117799
2010-05-10,9141,191182,126969,117828
2010-05-11,9141,191186,126973,117832
2010-05-12,9144,191251,126983,117839
2010-05-13,9149,191296,127001,117852
2010-05-14,9154,191334,127031,117877
2010-05-17,9182,191486,127063,117881
2010-05-18,9183,191493,127069,117886
2010-05-19,9186,191505,127072,117886
2010-05-20,9187,191514,127079,117892
2010-05-21,9188,191517,127081,117893
2010-05-24,9203,191568,127109,117906
2010-05-25,9210,191646,127145,117935
2010-05-26,9212,191683,127180,117968
2010-05-27,9215,191699,127188,117973
2010-05-28,9215,192659,128148,118933
2010-06-01,9217,192668,128155,118938
2010-06-02,9219,192797,128250,119031
2010-06-03,9221,193040,128257,119036
2010-06-07,9227,193149,128271,119044
2010-06-08,9230,193218,128278,119048
2010-06-09,9231,193282,128279,119048
2010-06-10,9231,193290,128287,119056
2010-06-14,9232,193328,128291,119059
2010-06-15,9236,193350,128309,119073
2010-06-16,9241,193486,128322,119081
2010-06-17,9244,198028,132784,123540
2010-06-18,9247,202102,136848,127601
2010-06-21,9254,202491,136860,127606
2010-06-22,9254,202503,136872,127618
2010-06-23,9254,202508,136877,127623
2010-06-25,9258,202519,136884,127626
2010-06-28,9261,202905,136887,127626
2010-07-05,9261,202906,136888,127627
2010-07-06,9376,206351,137009,127633
2010-07-07,9378,206363,137016,127638
2010-07-12,9378,206364,137017,127639
2010-07-14,9389,207158,137028,127639
2010-07-15,9391,207185,137050,127659
2010-07-16,9395,207207,137068,127673
2010-07-19,9397,207245,137091,127694
2010-07-20,9573,207715,137348,127775
2010-07-21,9575,207727,137358,127783
2010-07-22,9575,207734,137365,127790
2010-07-23,9576,207755,137367,127791
2010-07-26,9578,207768,137378,127800
2010-07-27,9583,207791,137389,127806
2010-07-28,9589,207813,137402,127813
2010-07-29,9591,207823,137410,127819
2010-07-30,9593,208011,137431,127838
2010-08-02,9593,208025,137445,127852
2010-08-03,9598,208078,137455,127857
2010-08-05,9598,208085,137462,127864
2010-08-06,9599,208096,137471,127872
2010-08-09,9609,208247,137517,127908
2010-08-10,9609,208255,137525,127916
2010-08-11,9610,208264,137532,127922
2010-08-12,9611,208369,137537,127926
2010-08-13,9616,208399,137544,127928
2010-08-16,9617,208408,137546,127929
2010-08-17,9617,208415,137553,127936
2010-08-18,9619,208433,137569,127950
2010-08-19,9619,208435,137571,127952
2010-08-23,9623,208457,137577,127954
2010-08-24,9623,208471,137591,127968
2010-08-25,9623,208475,137595,127972
2010-08-26,9624,208483,137602,127978
2010-08-27,9624,208500,137619,127995
2010-08-30,9624,208506,137625,128001
2010-08-31,9625,208515,137632,128007
2010-09-01,9631,208556,137658,128027
2010-09-02,9634,208575,137673,128039
2010-09-03,9640,208618,137689,128049
2010-09-06,9641,208630,137700,128059
2010-09-07,9661,209474,138439,128778
2010-09-08,9663,209546,138509,128846
2010-09-09,9667,209569,138528,128861
2010-09-10,9678,209657,138546,128868
2010-09-13,9680,209734,138551,128871
2010-09-14,9680,209755,138572,128892
2010-09-15,9682,209772,138587,128905
2010-09-16,9693,209820,138602,128909
2010-09-17,9693,209827,138609,128916
2010-09-19,9693,209829,138611,128918
2010-09-20,9693,209832,138614,128921
2010-09-21,9694,209837,138618,128924
2010-09-22,9695,209846,138623,128928
2010-09-23,9696,209856,138632,128936
2010-09-24,9697,209865,138640,128943
2010-09-27,9697,209867,138642,128945
2010-09-29,9698,209873,138647,128949
2010-09-30,9699,209881,138653,128954
2010-10-01,9699,209885,138657,128958
2010-10-04,9707,209921,138676,128969
2010-10-05,9712,209958,138688,128976
2010-10-06,9714,210068,138691,128977
2010-10-07,9714,210080,138703,128989
2010-10-12,9718,210304,138745,129027
2010-10-13,9722,210320,138755,129033
2010-10-14,9722,210325,138760,129038
2010-10-15,9727,210352,138776,129049
2010-10-18,9734,210393,138805,129071
2010-10-19,9738,210608,139015,129277
2010-10-20,9738,210612,139019,129281
2010-10-21,9739,210618,139023,129284
2010-10-25,9740,210620,139024,129284
2010-10-26,9747,210639,139036,129289
2010-10-27,9748,210699,139094,129346
2010-10-28,9748,210745,139140,129392
2010-10-29,9748,210746,139141,129393
2010-10-30,9748,210747,139142,129394
2010-11-01,9750,210753,139146,129396
2010-11-02,9751,210775,139166,129415
2010-11-03,9753,210784,139169,129416
2010-11-04,9755,210816,139197,129442
2010-11-08,9758,210838,139214,129456
2010-11-09,9768,210967,139252,129484
2010-11-10,9772,211001,139271,129499
2010-11-11,9776,211012,139276,129500
2010-11-12,9776,211015,139279,129503
2010-11-14,9776,211018,139282,129506
2010-11-15,9777,211023,139286,129509
2010-11-16,9779,211035,139296,129517
2010-11-17,9779,211045,139306,129527
2010-11-18,9779,211049,139310,129531
2010-11-23,9783,211063,139319,129536
2010-11-24,9783,211066,139322,129539
2010-11-25,9783,211076,139332,129549
2010-11-26,9786,211095,139345,129559
2010-11-29,9786,211405,139655,129869
2010-11-30,9809,213667,139678,129869
2010-12-01,9816,213886,139685,129869
2010-12-03,9817,213894,139690,129873
2010-12-06,9823,213938,139727,129904
2010-12-07,9823,214008,139797,129974
2010-12-08,9825,214034,139821,129996
2010-12-09,9890,214852,139896,130006
2010-12-10,9890,214854,139898,130008
2010-12-14,9890,214855,139899,130009
2010-12-15,9891,214859,139900,130009
2010-12-16,9896,215119,140151,130255
2010-12-17,9901,215138,140160,130259
2010-12-18,9901,215139,140161,130260
2010-12-20,9901,215141,140163,130262
2010-12-21,9901,215142,140164,130263
2010-12-22,9901,215145,140167,130266
2010-12-24,9901,215147,140169,130268
2010-12-31,9901,215148,140170,130269
2011-01-04,9910,215300,140186,130276
2011-01-05,9910,215308,140194,130284
2011-01-06,9912,215348,140226,130314
2011-01-07,9920,215386,140241,130321
2011-01-10,9922,215407,140259,130337
2011-01-11,9922,215418,140270,130348
2011-01-12,9925,216077,140921,130996
2011-01-13,9925,216078,140922,130997
2011-01-17,9925,216089,140933,131008
2011-01-18,9925,216092,140936,131011
2011-01-19,9926,216099,140942,131016
2011-01-21,9926,216109,140952,131026
2011-01-24,9927,216117,140957,131030
2011-01-25,9938,216253,140973,131035
2011-01-26,9941,216275,140986,131045
2011-01-27,9943,216294,141003,131060
2011-01-28,9943,216299,141008,131065
2011-01-31,9943,216303,141012,131069
2011-02-01,9945,216323,141028,131083
2011-02-03,9949,216428,141034,131085
2011-02-04,9951,216457,141058,131107
2011-02-07,9967,216537,141091,131124
2011-02-08,9970,216584,141134,131164
2011-02-09,9972,216612,141158,131186
2011-02-10,9976,216636,141177,131201
2011-02-11,9976,216649,141190,131214
2011-02-14,9978,216908,141225,131247
2011-02-15,9993,217221,141247,131254
2011-02-16,9994,217224,141249,131255
2011-02-18,9995,217487,141251,131256
2011-02-28,10000,217542,141277,131277
2011-03-01,10021,217727,141347,131326
2011-03-02,10036,217813,141414,131378
2011-03-03,10039,217865,141453,131414
2011-03-04,10041,217875,141459,131418
2011-03-07,10041,217879,141463,131422
2011-03-08,10041,217900,141484,131443
2011-03-09,10041,217932,141516,131475
2011-03-10,10042,227596,151170,141128
2011-03-11,10042,236563,160137,150095
2011-03-12,10042,240267,163841,153799
2011-03-14,10048,240301,163859,153811
2011-03-15,10070,240396,163911,153841
2011-03-16,10072,240409,163921,153849
2011-03-17,10072,240414,163926,153854
2011-03-18,10077,240439,163938,153861
2011-03-21,10078,240463,163959,153881
2011-03-22,10085,240528,164017,153932
2011-03-23,10085,240546,164035,153950
2011-03-24,10088,240582,164067,153979
2011-03-25,10088,240610,164095,154007
2011-03-28,10088,240654,164139,154051
2011-03-29,10090,240711,164185,154095
2011-03-30,10090,240724,164198,154108
2011-03-31,10106,240832,164254,154148
2011-04-01,10112,240875,164279,154167
2011-04-04,10117,241027,164421,154304
2011-04-05,10129,241099,164465,154336
2011-04-06,10130,241111,164476,154346
2011-04-07,10136,241188,164489,154353
2011-04-08,10140,241266,164531,154391
2011-04-11,10150,241317,164553,154403
2011-04-12,10150,241333,164569,154419
2011-04-13,10155,241383,164605,154450
2011-04-14,10155,241386,164608,154453
2011-04-15,10155,241397,164619,154464
2011-04-18,10155,241398,164620,154465
2011-04-19,10156,241425,164646,154490
2011-04-20,10156,241439,164660,154504
2011-04-21,10156,241448,164669,154513
2011-04-22,10157,241456,164676,154519
2011-04-26,10162,241480,164688,154526
2011-04-27,10172,241562,164741,154569
2011-04-28,10174,241575,164752,154578
2011-04-29,10174,241580,164757,154583
2011-05-02,10175,241592,164766,154591
2011-05-03,10178,241610,164781,154603
2011-05-04,10184,241776,164814,154630
2011-05-05,10192,241912,164849,154657
2011-05-06,10199,241943,164871,154672
2011-05-09,10202,241963,164888,154686
2011-05-10,10202,242011,164936,154734
2011-05-11,10202,242035,164960,154758
2011-05-12,10202,242049,164974,154772
2011-05-13,10208,242105,164983,154775
2011-05-16,10213,242170,165021,154808
2011-05-17,10241,242306,165067,154826
2011-05-18,10244,245853,168610,158366
2011-05-19,10249,246001,168723,158474
2011-05-20,10254,246044,168733,158479
2011-05-23,10296,246660,169307,159011
2011-05-24,10303,246854,169335,159032
2011-05-25,10310,247012,169439,159129
2011-05-26,10345,247204,169556,159211
2011-05-27,10353,247266,169590,159237
2011-05-30,10353,247297,169621,159268
2011-05-31,10365,247367,169665,159300
2011-06-01,10366,247389,169685,159319
2011-06-02,10368,247395,169689,159321
2011-06-03,10369,247407,169696,159327
2011-06-06,10370,247416,169703,159333
2011-06-07,10371,247583,169869,159498
2011-06-08,10371,247587,169873,159502
2011-06-09,10374,248017,169879,159505
2011-06-10,10377,248029,169888,159511
2011-06-13,10377,248040,169899,159522
2011-06-14,10379,248136,169991,159612
2011-06-15,10387,248173,170018,159631
2011-06-16,10402,248369,170049,159647
2011-06-17,10416,249204,170090,159674
2011-06-20,10422,249257,170128,159706
2011-06-21,10422,249279,170150,159728
2011-06-22,10424,249324,170193,159769
2011-06-23,10429,249643,170205,159776
2011-06-24,10435,249686,170234,159799
2011-06-27,10455,249795,170264,159809
2011-06-28,10458,249823,170286,159828
2011-06-30,10458,249826,170289,159831
2011-07-04,10458,249827,170290,159832
2011-07-06,10458,249829,170292,159834
2011-07-07,10458,249831,170294,159836
2011-07-08,10458,249842,170305,159847
2011-07-11,10464,249890,170346,159882
2011-07-12,10464,249894,170350,159886
2011-07-13,10465,249902,170357,159892
2011-07-14,10467,249934,170387,159920
2011-07-15,10469,249984,170435,159966
2011-07-18,10483,250105,170536,160053
2011-07-19,10484,250138,170568,160084
2011-07-20,10484,250406,170836,160352
2011-07-21,10486,250410,170838,160352
2011-07-22,10490,250425,170849,160359
2011-07-25,10492,250471,170893,160401
2011-07-26,10493,250494,170915,160422
2011-07-27,10498,250543,170928,160430
2011-07-28,10505,250657,171025,160520
2011-07-29,10505,250658,171026,160521
2011-08-01,10506,250759,171123,160617
2011-08-02,10512,250849,171161,160649
2011-08-03,10519,250916,171200,160681
2011-08-04,10530,251145,171220,160690
2011-08-05,10530,251165,171240,160710
2011-08-08,10550,251347,171281,160731
2011-08-09,10551,251388,171321,160770
2011-08-10,10562,251462,171368,160806
2011-08-11,10565,251481,171384,160819
2011-08-12,10566,251486,171388,160822
2011-08-15,10573,251529,171410,160837
2011-08-16,10574,251553,171433,160859
2011-08-17,10575,251576,171450,160875
2011-08-18,10581,251593,171461,160880
2011-08-19,10587,251614,171470,160883
2011-08-22,10587,251628,171484,160897
2011-08-23,10622,251839,171549,160927
2011-08-24,10634,251894,171592,160958
2011-08-25,10698,255312,171663,160965
2011-08-26,10719,255387,171717,160998
2011-08-30,10719,255389,171719,161000
2011-08-31,10731,255460,171771,161040
2011-09-01,10734,255584,171808,161074
2011-09-02,10734,255601,171825,161091
2011-09-05,10734,255606,171830,161096
2011-09-06,10736,255707,171926,161190
2011-09-07,10740,255735,171950,161210
2011-09-08,10740,255756,171971,161231
2011-09-09,10740,255758,171973,161233
2011-09-11,10740,255759,171974,161234
2011-09-12,10753,255810,172012,161259
2011-09-13,10760,255842,172036,161276
2011-09-14,10768,256816,172050,161282
2011-09-15,10774,256850,172075,161301
2011-09-16,10774,256869,172094,161320
2011-09-18,10775,256881,172101,161326
2011-09-19,10780,256920,172126,161346
2011-09-20,10785,256963,172161,161376
2011-09-21,10797,257197,172270,161473
2011-09-22,10800,257425,172344,161544
2011-09-23,10807,257454,172366,161559
2011-09-25,10807,257456,172368,161561
2011-09-26,10811,257491,172395,161584
2011-09-27,10811,257533,172437,161626
2011-09-28,10811,257552,172456,161645
2011-09-29,10811,257561,172465,161654
2011-09-30,10819,257770,172488,161669
2011-10-03,10819,257782,172500,161681
2011-10-04,10828,257823,172532,161704
2011-10-05,10832,257861,172562,161730
2011-10-06,10832,257867,172568,161736
2011-10-07,10837,257895,172590,161753
2011-10-10,10842,258028,172718,161876
2011-10-11,10843,258036,172725,161882
2011-10-12,10844,258058,172746,161902
2011-10-13,10845,258075,172762,161917
2011-10-14,10846,264586,179272,168426
2011-10-17,10849,264606,179286,168437
2011-10-18,10850,264647,179326,168476
2011-10-19,10868,264747,179392,168524
2011-10-20,10875,264813,179431,168556
2011-10-24,10878,264849,179464,168586
2011-10-25,10881,264892,179504,168623
2011-10-26,10885,264933,179541,168656
2011-10-27,10894,264972,179569,168675
2011-10-31,10910,265110,179642,168732
2011-11-01,10910,265133,179665,168755
2011-11-02,10911,265144,179675,168764
2011-11-03,10914,265181,179709,168795
2011-11-04,10917,265198,179722,168805
2011-11-07,10920,265225,179746,168826
2011-11-08,10926,266108,180622,169696
2011-11-09,10926,266135,180649,169723
2011-11-10,10938,266181,180683,169745
2011-11-11,10945,266207,180702,169757
2011-11-14,10945,266236,180731,169786
2011-11-15,10946,266258,180752,169806
2011-11-16,10947,266282,180775,169828
2011-11-17,10949,266299,180790,169841
2011-11-18,10951,266324,180812,169861
2011-11-21,10954,266342,180827,169873
2011-11-22,10955,266372,180855,169900
2011-11-23,10962,266527,180992,170030
2011-11-24,10971,266581,181037,170066
2011-11-25,10976,266624,181065,170089
2011-11-28,10985,266744,181113,170128
2011-11-29,10991,266786,181144,170153
2011-11-30,10991,266839,181197,170206
2011-12-01,10991,266875,181233,170242
2011-12-02,10991,266893,181251,170260
2011-12-05,10993,266910,181266,170273
2011-12-07,10998,266939,181290,170292
2011-12-08,10999,266974,181295,170296
2011-12-09,11000,266992,181312,170312
2011-12-12,11001,267031,181350,170349
2011-12-13,11001,267038,181357,170356
2011-12-14,11002,267097,181415,170413
2011-12-15,11002,267307,181625,170623
2011-12-16,11002,267309,181627,170625
2011-12-19,11003,267325,181640,170637
2011-12-20,11003,267403,181718,170715
2012-01-03,11003,267412,181727,170724
2012-01-04,11009,267448,181747,170738
2012-01-06,11010,267453,181751,170741
2012-01-08,11013,267470,181765,170752
2012-01-09,11017,267493,181774,170757
2012-01-10,11017,267495,181776,170759
2012-01-11,11017,267500,181781,170764
2012-01-12,11020,267589,181804,170784
2012-01-13,11020,267607,181822,170802
2012-01-16,11024,267634,181845,170821
2012-01-17,11024,267637,181848,170824
2012-01-18,11026,267660,181867,170841
2012-01-19,11026,267663,181870,170844
2012-01-20,11029,267706,181875,170846
2012-01-23,11029,267718,181887,170858
2012-01-24,11029,267756,181925,170896
2012-01-25,11032,267796,181959,170927
2012-01-26,11033,267866,182028,170995
2012-01-27,11039,267937,182085,171046
2012-01-30,11044,267960,182101,171057
2012-01-31,11050,268003,182138,171088
2012-02-01,11051,268006,182140,171089
2012-02-02,11051,268014,182148,171097
2012-02-03,11056,268045,182172,171116
2012-02-06,11056,268072,182199,171143
2012-02-07,11056,268096,182223,171167
2012-02-08,11126,277159,182307,171181
2012-02-09,11127,277171,182317,171190
2012-02-10,11163,277288,182378,171215
2012-02-13,11171,277339,182419,171248
2012-02-14,11173,277360,182438,171265
2012-02-15,11179,277554,182470,171291
2012-02-16,11187,277657,182554,171367
2012-02-17,11187,277832,182729,171542
2012-02-20,11188,277834,182730,171542
2012-02-21,11188,277849,182745,171557
2012-02-22,11189,277874,182769,171580
2012-02-23,11198,277926,182805,171607
2012-02-24,11199,277934,182809,171610
2012-02-26,11199,277936,182811,171612
2012-02-27,11200,277964,182838,171638
2012-02-28,11203,278012,182868,171665
2012-02-29,11220,279223,183753,172533
2012-03-01,11225,279256,183775,172550
2012-03-02,11226,279265,183776,172550
2012-03-06,11230,279416,183815,172585
2012-03-07,11231,279464,183862,172631
2012-03-08,11234,279601,183994,172760
2012-03-09,11234,279624,184017,172783
2012-03-12,11234,279628,184021,172787
2012-03-13,11234,279637,184030,172796
2012-03-14,11235,279648,184040,172805
2012-03-15,11235,279650,184042,172807
2012-03-16,11236,279671,184062,172826
2012-03-18,11239,279766,184065,172826
2012-03-19,11239,279772,184071,172832
2012-03-20,11239,279776,184075,172836
2012-03-21,11240,279782,184080,172840
2012-03-22,11241,279817,184114,172873
2012-03-27,11242,279835,184131,172889
2012-03-28,11302,280055,184235,172933
2012-03-29,11305,280155,184327,173022
2012-03-30,11313,280224,184367,173054
2012-04-02,11313,280231,184374,173061
2012-04-03,11316,280250,184390,173074
2012-04-04,11318,280265,184403,173085
2012-04-05,11319,280269,184406,173087
2012-04-09,11321,280276,184411,173090
2012-04-10,11329,280314,184428,173099
2012-04-11,11343,280374,184449,173106
2012-04-12,11343,280375,184450,173107
2012-04-13,11343,280394,184469,173126
2012-04-16,11346,280454,184509,173163
2012-04-17,11346,280461,184516,173170
2012-04-18,11348,280492,184534,173186
2012-04-19,11348,280496,184538,173190
2012-04-20,11349,280507,184539,173190
2012-04-23,11356,280715,184554,173198
2012-04-24,11364,280812,184617,173253
2012-04-25,11390,280950,184667,173277
2012-04-26,11425,281131,184717,173292
2012-04-27,11429,281172,184753,173324
2012-04-30,11443,281250,184814,173371
2012-05-01,11445,281256,184818,173373
2012-05-02,11449,281284,184827,173378
2012-05-03,11500,281787,184891,173391
2012-05-04,11517,282364,184933,173416
2012-05-07,11517,282369,184938,173421
2012-05-08,11519,282420,184977,173458
2012-05-09,11523,282567,185119,173596
2012-05-10,11529,282600,185146,173617
2012-05-11,11529,282617,185163,173634
2012-05-14,11529,282621,185167,173638
2012-05-15,11545,282687,185196,173651
2012-05-16,11549,282720,185211,173662
2012-05-17,11557,282747,185230,173673
2012-05-18,11560,282764,185242,173682
2012-05-21,11560,282774,185252,173692
2012-05-22,11561,282785,185261,173700
2012-05-23,11563,282883,185273,173710
2012-05-24,11563,282889,185279,173716
2012-05-28,11567,283136,185300,173733
2012-05-29,11567,283148,185312,173745
2012-05-30,11569,283176,185338,173769
2012-05-31,11571,283185,185345,173774
2012-06-01,11571,283199,185359,173788
2012-06-04,11571,283200,185360,173789
2012-06-05,11572,283209,185364,173792
2012-06-06,11574,283262,185415,173841
2012-06-07,11576,283278,185429,173853
2012-06-08,11581,283314,185448,173867
2012-06-11,11581,283509,185643,174062
2012-06-12,11587,283526,185651,174064
2012-06-13,11597,283572,185661,174064
2012-06-14,11601,283607,185671,174070
2012-06-15,11677,285320,185751,174074
2012-06-18,11678,285333,185761,174083
2012-06-19,11679,285338,185765,174086
2012-06-20,11680,285344,185767,174087
2012-06-21,11681,285359,185781,174100
2012-06-22,11690,285421,185832,174142
2012-06-25,11704,285473,185854,174150
2012-06-26,11718,285539,185878,174160
2012-06-27,11743,285620,185905,174162
2012-06-28,11745,285626,185909,174164
2012-06-29,11747,285630,185911,174164
2012-07-02,11755,285668,185938,174183
2012-07-03,11762,285694,185955,174193
2012-07-04,11764,285713,185972,174208
2012-07-05,11771,285785,186010,174239
2012-07-06,11771,285805,186030,174259
2012-07-09,11825,286909,186199,174374
2012-07-10,11825,286916,186206,174381
2012-07-11,11834,288795,186228,174394
2012-07-12,11835,288808,186238,174403
2012-07-13,11837,288821,186246,174409
2012-07-16,11839,288835,186258,174419
2012-07-17,11840,288837,186259,174419
2012-07-18,11841,288846,186267,174426
2012-07-19,11843,288877,186294,174451
2012-07-20,11844,288978,186299,174455
2012-07-22,11844,288981,186302,174458
2012-07-23,11847,289053,186369,174522
2012-07-24,11863,289127,186408,174545
2012-07-25,11878,289235,186492,174614
2012-07-26,11916,289766,186556,174640
2012-07-27,11921,289781,186563,174642
2012-07-29,11921,289786,186568,174647
2012-07-30,11925,289817,186585,174660
2012-07-31,11936,289887,186631,174695
2012-08-01,11942,290552,186646,174704
2012-08-02,11949,290719,186689,174740
2012-08-03,11953,290757,186705,174752
2012-08-06,11961,291423,186773,174812
2012-08-07,11963,291439,186787,174824
2012-08-08,11963,291440,186788,174825
2012-08-09,11963,291487,186835,174872
2012-08-13,11963,291490,186838,174875
2012-08-14,11964,291555,186901,174937
2012-08-15,11974,292185,186945,174971
2012-08-16,11974,292193,186953,174979
2012-08-17,11979,292215,186966,174987
2012-08-20,11980,292307,187001,175021
2012-08-21,11983,292426,187010,175027
2012-08-22,11987,292463,187043,175056
2012-08-23,11987,292486,187066,175079
2012-08-24,11994,292516,187087,175093
2012-08-27,11994,292527,187098,175104
2012-08-28,11994,292534,187105,175111
2012-08-29,11999,292582,187135,175136
2012-08-30,11999,292585,187138,175139
2012-08-31,12006,293204,187169,175163
2012-09-02,12006,293208,187173,175167
2012-09-04,12006,293209,187174,175168
2012-09-05,12009,293221,187183,175174
2012-09-06,12010,293225,187186,175176
2012-09-07,12014,293258,187215,175201
2012-09-10,12015,293269,187225,175210
2012-09-11,12020,293294,187243,175223
2012-09-12,12020,293297,187246,175226
2012-09-13,12020,293299,187248,175228
2012-09-14,12022,293340,187275,175253
2012-09-17,12022,293341,187276,175254
2012-09-18,12029,293414,187335,175306
2012-09-19,12035,293447,187356,175321
2012-09-20,12036,293494,187400,175364
2012-09-21,12043,293546,187439,175396
2012-09-23,12043,293549,187442,175399
2012-09-24,12049,293588,187475,175426
2012-09-25,12050,293604,187490,175440
2012-09-26,12051,293658,187543,175492
2012-09-27,12055,293684,187563,175508
2012-09-28,12055,293692,187571,175516
2012-10-01,12055,293695,187574,175519
2012-10-02,12055,293704,187583,175528
2012-10-03,12056,293729,187606,175550
2012-10-04,12056,293739,187616,175560
2012-10-05,12058,293747,187620,175562
2012-10-07,12060,293756,187623,175563
2012-10-08,12060,293767,187634,175574
2012-10-09,12061,293789,187655,175594
2012-10-10,12061,296992,190858,178797
2012-10-11,12062,297000,190865,178803
2012-10-12,12062,297011,190876,178814
2012-10-15,12064,297044,190904,178840
2012-10-16,12068,297072,190913,178845
2012-10-17,12069,297098,190935,178866
2012-10-18,12069,297099,190936,178867
2012-10-19,12069,297105,190942,178873
2012-10-22,12069,297123,190960,178891
2012-10-23,12079,297203,191030,178951
2012-10-24,12080,297212,191038,178958
2012-10-25,12080,297262,191088,179008
2012-10-26,12080,297278,191104,179024
2012-10-29,12087,297359,191176,179089
2012-10-30,12088,297380,191194,179106
2012-10-31,12093,297408,191214,179121
2012-11-01,12093,297412,191218,179125
2012-11-02,12170,298156,191328,179158
2012-11-05,12170,298162,191334,179164
2012-11-06,12175,298189,191350,179175
2012-11-08,12175,298191,191352,179177
2012-11-09,12175,298192,191353,179178
2012-11-12,12176,298232,191361,179185
2012-11-13,12184,298331,191436,179252
2012-11-14,12184,298342,191447,179263
2012-11-15,12198,298403,191485,179287
2012-11-16,12201,298513,191571,179370
2012-11-19,12218,298626,191603,179385
2012-11-20,12236,298706,191659,179423
2012-11-21,12241,298799,191742,179501
2012-11-22,12250,298846,191775,179525
2012-11-23,12251,298861,191789,179538
2012-11-26,12251,298865,191793,179542
2012-11-27,12257,298925,191847,179590
2012-11-28,12258,298936,191857,179599
2012-11-29,12258,298950,191871,179613
2012-11-30,12364,300624,193327,180963
2012-12-03,12369,300668,193359,180990
2012-12-04,12373,301155,193842,181469
2012-12-05,12378,301189,193868,181490
2012-12-06,12387,301231,193892,181505
2012-12-10,12390,301268,193926,181536
2012-12-11,12390,301445,194103,181713
2012-12-12,12391,301512,194122,181731
2012-12-13,12398,301540,194131,181733
2012-12-14,12400,302388,194977,182577
2012-12-17,12407,302422,194998,182591
2012-12-18,12415,302486,195034,182619
2012-12-19,12425,302528,195058,182633
2012-12-20,12429,302558,195074,182645
2012-12-21,12430,302584,195090,182660
2012-12-24,12454,302679,195119,182665
2012-12-27,12454,302680,195120,182666
2013-01-02,12478,302792,195208,182730
2013-01-04,12478,302795,195211,182733
2013-01-07,12481,302809,195220,182739
2013-01-08,12487,302842,195243,182756
2013-01-09,12487,303123,195524,183037
2013-01-10,12488,303141,195541,183053
2013-01-11,12496,303198,195579,183083
2013-01-14,12497,303213,195584,183087
2013-01-15,12498,303239,195609,183111
2013-01-16,12500,303259,195625,183125
2013-01-17,12500,303264,195630,183130
2013-01-18,12502,303286,195650,183148
2013-01-20,12502,303287,195651,183149
2013-01-21,12502,303295,195659,183157
2013-01-22,12502,303306,195670,183168
2013-01-23,12502,303324,195688,183186
2013-01-24,12505,303364,195713,183208
2013-01-25,12506,303376,195723,183217
2013-01-28,12506,303387,195734,183228
2013-01-29,12506,303402,195749,183243
2013-01-30,12511,303457,195793,183282
2013-01-31,12511,303467,195803,183292
2013-02-01,12514,303506,195810,183296
2013-02-03,12514,303507,195811,183297
2013-02-04,12522,303552,195835,183313
2013-02-05,12524,303573,195854,183330
2013-02-06,12524,303587,195868,183344
2013-02-07,12524,303623,195904,183380
2013-02-08,12529,303656,195932,183403
2013-02-11,12538,303715,195967,183429
2013-02-12,12538,303732,195984,183446
2013-02-13,12543,303792,196039,183496
2013-02-14,12546,303861,196082,183536
2013-02-15,12547,303915,196100,183553
2013-02-17,12547,303916,196101,183554
2013-02-18,12549,303921,196104,183555
2013-02-19,12554,303957,196135,183581
2013-02-20,12559,305140,197298,184739
2013-02-21,12561,305156,197312,184751
2013-02-22,12569,305213,197345,184776
2013-02-25,12582,305522,197402,184820
2013-02-26,12588,305550,197416,184828
2013-02-27,12588,305560,197426,184838
2013-02-28,12596,305597,197455,184859
2013-03-01,12599,305605,197460,184861
2013-03-04,12602,305639,197466,184864
2013-03-05,12604,305675,197500,184896
2013-03-06,12604,305709,197534,184930
2013-03-07,12622,305776,197572,184950
2013-03-08,12624,305786,197579,184955
2013-03-11,12634,306152,197609,184975
2013-03-12,12639,306194,197644,185005
2013-03-13,12645,306226,197670,185025
2013-03-14,12652,306242,197679,185027
2013-03-15,12652,306243,197680,185028
2013-03-18,12653,306253,197688,185035
2013-03-19,12653,306254,197689,185036
2013-03-21,12655,306262,197695,185040
2013-03-22,12655,306280,197713,185058
2013-03-25,12655,306291,197724,185069
2013-03-26,12668,306388,197765,185097
2013-03-27,12675,306978,198344,185669
2013-03-28,12675,306984,198350,185675
2013-04-02,12676,306995,198360,185684
2013-04-03,12700,307494,198472,185772
2013-04-04,12701,307603,198580,185879
2013-04-05,12710,307647,198615,185905
2013-04-08,12712,307653,198619,185907
2013-04-10,12713,307661,198626,185913
2013-04-11,12713,307670,198635,185922
2013-04-12,12713,307671,198636,185923
2013-04-15,12713,307673,198638,185925
2013-04-17,12713,307686,198651,185938
2013-04-19,12716,307693,198654,185938
2013-04-22,12722,307722,198676,185954
2013-04-23,12726,307754,198702,185976
2013-04-24,12796,307982,198860,186064
2013-04-25,12799,308023,198898,186099
2013-04-26,12800,308072,198945,186145
2013-04-29,12810,308159,198966,186156
2013-04-30,12817,308553,199349,186532
2013-05-01,12818,308557,199352,186534
2013-05-02,12825,308599,199387,186562
2013-05-03,12845,308680,199448,186603
2013-05-04,12846,308685,199452,186606
2013-05-06,12846,308694,199461,186615
2013-05-07,12850,308734,199489,186639
2013-05-08,12852,308833,199504,186652
2013-05-09,12864,309184,199750,186886
2013-05-10,12866,309199,199763,186897
2013-05-13,12870,309227,199786,186916
2013-05-14,12873,309277,199798,186925
2013-05-15,12880,309338,199827,186947
2013-05-16,12882,309355,199842,186960
2013-05-17,12899,309445,199911,187012
2013-05-20,12913,309630,199939,187026
2013-05-21,12921,309674,199969,187048
2013-05-22,12924,309688,199980,187056
2013-05-23,12926,309715,200005,187079
2013-05-24,12932,309753,200029,187097
2013-05-28,12934,309781,200055,187121
2013-05-29,12937,309820,200090,187153
2013-05-30,12939,309834,200102,187163
2013-05-31,12941,309848,200113,187172
2013-06-03,12941,317014,207279,194338
2013-06-04,12949,317048,207299,194350
2013-06-05,12959,317107,207341,194382
2013-06-06,12964,317117,207346,194382
2013-06-07,12975,317144,207362,194387
2013-06-08,12980,317173,207383,194403
2013-06-09,12980,317193,207403,194423
2013-06-10,12980,317199,207409,194429
2013-06-11,12988,317234,207431,194443
2013-06-12,12989,317258,207449,194460
2013-06-13,12994,317288,207474,194480
2013-06-14,12999,317322,207503,194504
2013-06-17,13000,317349,207529,194529
2013-06-18,13011,317423,207571,194560
2013-06-19,13011,317424,207572,194561
2013-06-20,13015,317446,207587,194572
2013-06-25,13021,317480,207609,194588
2013-06-26,13035,317541,207647,194612
2013-06-27,13042,317855,207952,194910
2013-06-28,13047,317960,207971,194924
2013-06-29,13047,317969,207980,194933
2013-07-01,13053,318048,208023,194970
2013-07-02,13068,318230,208050,194982
2013-07-03,13070,318238,208056,194986
2013-07-04,13070,318264,208082,195012
2013-07-05,13081,318325,208112,195031
2013-07-08,13082,318341,208126,195044
2013-07-09,13082,318351,208136,195054
2013-07-10,13082,318550,208335,195253
2013-07-11,13082,318606,208391,195309
2013-07-12,13082,318613,208398,195316
2013-07-15,13084,318639,208411,195327
2013-07-16,13085,318656,208427,195342
2013-07-17,13085,318687,208458,195373
2013-07-18,13085,318700,208471,195386
2013-07-19,13091,318793,208542,195451
2013-07-22,13091,318813,208562,195471
2013-07-23,13100,318863,208597,195497
2013-07-24,13150,319096,208694,195544
2013-07-25,13152,319105,208700,195548
2013-07-26,13155,319128,208720,195565
2013-07-29,13161,319235,208751,195590
2013-07-30,13161,319249,208765,195604
2013-07-31,13207,319821,208873,195666
2013-08-02,13207,319834,208886,195679
2013-08-04,13209,319850,208899,195690
2013-08-05,13221,320350,208990,195769
2013-08-06,13227,320441,209069,195842
2013-08-07,13232,320462,209084,195852
2013-08-08,13235,320499,209091,195856
2013-08-09,13235,320525,209117,195882
2013-08-12,13249,320597,209173,195924
2013-08-13,13249,320612,209188,195939
2013-08-14,13250,320753,209328,196078
2013-08-15,13256,320830,209397,196141
2013-08-16,13256,320840,209407,196151
2013-08-18,13256,320845,209412,196156
2013-08-19,13262,320874,209435,196173
2013-08-20,13269,320938,209458,196189
2013-08-21,13563,340584,228202,214639
2013-08-22,15261,395607,273651,258390
2013-08-23,15265,395634,273674,258409
2013-08-26,15266,395639,273678,258412
2013-08-27,15274,395680,273702,258428
2013-08-28,15274,395708,273730,258456
2013-08-29,15278,395747,273763,258485
2013-08-30,15285,395775,273781,258496
2013-08-31,15285,395777,273783,258498
2013-09-02,15295,395865,273855,258560
2013-09-03,15304,395905,273884,258580
2013-09-04,15307,395917,273891,258584
2013-09-05,15307,395931,273905,258598
2013-09-06,15307,395943,273917,258610
2013-09-07,15307,395947,273921,258614
2013-09-09,15314,396006,273957,258643
2013-09-10,15319,396109,274048,258729
2013-09-11,15323,396238,274094,258771
2013-09-12,15335,396434,274134,258799
2013-09-13,15335,396479,274179,258844
2013-09-16,15348,396601,274236,258888
2013-09-17,15352,396668,274286,258934
2013-09-18,15357,396784,274383,259026
2013-09-19,15358,396816,274414,259056
2013-09-20,15361,396885,274480,259119
2013-09-23,15368,396969,274555,259187
2013-09-24,15387,397403,274612,259225
2013-09-25,15391,397441,274639,259248
2013-09-26,15395,397473,274667,259272
2013-09-27,15402,397526,274705,259303
2013-09-30,15405,397548,274723,259318
2013-10-01,15406,397561,274735,259329
2013-10-02,15428,397774,274797,259369
2013-10-03,15434,397824,274822,259388
2013-10-04,15438,397874,274862,259424
2013-10-05,15439,397883,274870,259431
2013-10-06,15439,397885,274872,259433
2013-10-07,15454,398038,274909,259455
2013-10-08,15456,398820,274926,259470
2013-10-09,15467,398875,274965,259498
2013-10-10,15472,398899,274984,259512
2013-10-11,15488,398991,275015,259527
2013-10-14,15497,399034,275049,259552
2013-10-15,15506,399076,275082,259576
2013-10-16,15577,400110,275155,259578
2013-10-17,15581,400184,275181,259600
2013-10-18,15581,400224,275221,259640
2013-10-20,15582,400229,275225,259643
2013-10-21,15585,400286,275278,259693
2013-10-22,15611,400426,275347,259736
2013-10-23,15613,400465,275383,259770
2013-10-24,15625,400673,275440,259815
2013-10-25,15626,400906,275672,260046
2013-10-28,15691,402347,275775,260084
2013-10-29,15703,402401,275810,260107
2013-10-30,15707,402446,275850,260143
2013-10-31,15711,402494,275887,260176
2013-11-01,15714,402562,275952,260238
2013-11-03,15714,402568,275958,260244
2013-11-04,15718,402608,275994,260276
2013-11-05,15737,402772,276036,260299
2013-11-06,15748,402840,276090,260342
2013-11-07,15751,402857,276102,260351
2013-11-08,15762,402952,276172,260410
2013-11-11,15765,402988,276205,260440
2013-11-12,15769,403019,276231,260462
2013-11-13,15769,403035,276247,260478
2013-11-14,15770,403055,276266,260496
2013-11-15,15773,403088,276296,260523
2013-11-18,15792,403266,276347,260555
2013-11-19,15805,403345,276383,260578
2013-11-20,15808,403370,276404,260596
2013-11-21,15822,403433,276443,260621
2013-11-22,15828,403481,276484,260656
2013-11-24,15828,403487,276490,260662
2013-11-25,15831,403531,276529,260698
2013-11-26,15864,403710,276593,260729
2013-11-27,15875,404407,277246,261371
2013-11-28,15883,404527,277330,261447
2013-11-29,15884,404557,277357,261473
2013-12-02,15891,404606,277398,261507
2013-12-03,15899,404648,277431,261532
2013-12-04,15906,404690,277466,261560
2013-12-05,15907,404716,277490,261583
2013-12-06,15908,404805,277505,261597
2013-12-09,15913,404872,277544,261631
2013-12-10,15921,405002,277588,261667
2013-12-11,15926,405056,277619,261693
2013-12-12,15930,405102,277648,261718
2013-12-16,15933,405156,277678,261745
2013-12-17,15936,405458,277977,262041
2013-12-18,15948,406260,278607,262659
2013-12-19,15960,406324,278649,262689
2013-12-20,15969,406380,278696,262727
2013-12-23,15969,406381,278697,262728
2013-12-24,15969,406388,278704,262735
2014-01-02,15969,406395,278711,262742
2014-01-06,15969,406397,278713,262744
2014-01-07,15988,406576,278849,262861
2014-01-08,16025,406683,278903,262878
2014-01-09,16031,406964,279175,263144
2014-01-10,16038,407002,279206,263168
2014-01-11,16038,407010,279214,263176
2014-01-12,16041,407101,279302,263261
2014-01-13,16043,407146,279345,263302
2014-01-14,16046,407187,279383,263337
2014-01-15,16059,407261,279408,263349
2014-01-16,16073,407347,279468,263395
2014-01-17,16077,407379,279494,263417
2014-01-20,16077,407636,279751,263674
2014-01-21,16081,407683,279793,263712
2014-01-22,16088,407715,279818,263730
2014-01-23,16101,407782,279853,263752
2014-01-24,16105,407808,279875,263770
2014-01-25,16105,407809,279876,263771
2014-01-26,16105,407818,279885,263780
2014-01-27,16108,407867,279923,263815
2014-01-28,16122,407990,280030,263908
2014-01-29,16131,408046,280065,263934
2014-01-30,16134,408096,280107,263973
2014-01-31,16154,408183,280160,264006
2014-02-03,16156,408226,280201,264045
2014-02-04,16159,408287,280257,264098
2014-02-05,16166,408332,280289,264123
2014-02-06,16180,408436,280367,264187
2014-02-07,16181,408445,280375,264194
2014-02-08,16182,408451,280380,264198
2014-02-10,16197,409050,280479,264282
2014-02-11,16199,411630,283053,266854
2014-02-12,16227,411810,283124,266897
2014-02-13,16229,411822,283129,266900
2014-02-14,16231,411831,283134,266903
2014-02-17,16251,411913,283193,266942
2014-02-18,16256,411944,283218,266962
2014-02-19,16258,411975,283246,266988
2014-02-20,16260,411998,283265,267005
2014-02-21,16270,412073,283304,267034
2014-02-24,16272,412113,283341,267069
2014-02-25,16273,412178,283405,267132
2014-02-26,16299,412287,283464,267165
2014-02-27,16307,412325,283489,267182
2014-02-28,16311,412357,283517,267206
2014-03-02,16312,412366,283525,267213
2014-03-03,16317,412437,283549,267232
2014-03-04,16318,412447,283558,267240
2014-03-05,16326,412489,283590,267264
2014-03-06,16330,412517,283614,267284
2014-03-07,16334,412537,283630,267296
2014-03-10,16335,412582,283674,267339
2014-03-11,16335,412611,283703,267368
2014-03-12,16341,412650,283736,267395
2014-03-14,16341,412651,283737,267396
2014-03-17,16342,412665,283750,267408
2014-03-18,16345,412699,283781,267436
2014-03-19,16345,412708,283790,267445
2014-03-20,16355,412745,283814,267459
2014-03-22,16356,412760,283825,267469
2014-03-24,16361,412792,283850,267489
2014-03-25,16362,412807,283864,267502
2014-03-26,16365,412944,283998,267633
2014-03-27,16372,414472,285519,269147
2014-03-28,16373,414487,285533,269160
2014-03-31,16395,414705,285579,269184
2014-04-01,16399,414741,285604,269205
2014-04-02,16401,414807,285661,269260
2014-04-03,16408,414879,285713,269305
2014-04-04,16572,415300,285946,269374
2014-04-05,16582,415364,285972,269390
2014-04-06,16582,415371,285979,269397
2014-04-08,16583,415395,286002,269419
2014-04-09,16583,415407,286014,269431
2014-04-10,16584,417001,287607,271023
2014-04-11,16584,417006,287612,271028
2014-04-13,16585,417012,287617,271032
2014-04-14,16585,417029,287634,271049
2014-04-15,16586,417031,287635,271049
2014-04-17,16633,417534,287690,271057
2014-04-18,16639,417552,287702,271063
2014-04-22,16639,417556,287706,271067
2014-04-23,16650,417620,287740,271090
2014-04-24,16655,418815,288928,272273
2014-04-25,16655,418831,288944,272289
2014-04-28,16672,419058,289006,272334
2014-04-29,16678,419116,289055,272377
2014-04-30,16686,419187,289097,272411
2014-05-01,16689,419387,289136,272447
2014-05-02,16689,419403,289152,272463
2014-05-03,16689,419406,289155,272466
2014-05-05,16692,419436,289175,272483
2014-05-06,16703,419494,289216,272513
2014-05-07,16709,419521,289235,272526
2014-05-08,16713,419581,289286,272573
2014-05-09,16719,419608,289305,272586
2014-05-10,16719,419610,289307,272588
2014-05-12,16736,419792,289357,272621
2014-05-13,16748,419954,289507,272759
2014-05-14,16751,419989,289539,272788
2014-05-15,16751,420009,289559,272808
2014-05-16,16753,420021,289569,272816
2014-05-19,16755,420062,289591,272836
2014-05-20,16755,420073,289602,272847
2014-05-21,16756,420087,289615,272859
2014-05-22,16756,420099,289627,272871
2014-05-23,16757,420108,289635,272878
2014-05-26,16758,420133,289659,272901
2014-05-27,16758,420156,289682,272924
2014-05-28,16759,420181,289706,272947
2014-05-29,16762,420194,289716,272954
2014-05-30,16762,420207,289729,272967
2014-06-02,16762,420211,289733,272971
2014-06-03,16762,420222,289744,272982
2014-06-04,16763,420279,289800,273037
2014-06-05,16766,420345,289863,273097
2014-06-06,16769,420383,289897,273128
2014-06-08,16769,420410,289924,273155
2014-06-09,16774,420496,289949,273175
2014-06-10,16779,420520,289968,273189
2014-06-11,16786,420541,289982,273196
2014-06-12,16791,420574,290006,273215
2014-06-13,16793,420598,290027,273234
2014-06-14,16793,420601,290030,273237
2014-06-16,16798,420675,290053,273255
2014-06-17,16804,420721,290090,273286
2014-06-18,16807,420766,290121,273314
2014-06-19,16810,420792,290144,273334
2014-06-20,16810,420799,290151,273341
2014-06-23,16816,420918,290205,273389
2014-06-24,16819,420969,290243,273424
2014-06-25,16823,421187,290265,273442
2014-06-26,16824,421197,290274,273450
2014-06-27,16824,421206,290283,273459
2014-06-30,16825,421217,290293,273468
2014-07-01,16828,421241,290310,273482
2014-07-02,16828,421244,290313,273485
2014-07-03,16829,421280,290348,273519
2014-07-04,16832,421325,290389,273557
2014-07-07,16850,421453,290417,273567
2014-07-08,16855,421494,290448,273593
2014-07-09,16861,421527,290464,273603
2014-07-10,16861,422552,291489,274628
2014-07-11,16861,422553,291490,274629
2014-07-14,16863,422570,291505,274642
2014-07-15,16871,422836,291640,274769
2014-07-16,16875,422882,291682,274807
2014-07-17,16875,422936,291736,274861
2014-07-18,16879,422961,291757,274878
2014-07-21,16879,423340,292136,275257
2014-07-23,16880,423504,292299,275419
2014-07-24,16884,423528,292319,275435
2014-07-25,16884,423543,292334,275450
2014-07-28,16885,423586,292376,275491
2014-07-29,16887,423603,292391,275504
2014-07-30,16890,423620,292405,275515
2014-07-31,16896,423659,292431,275535
2014-08-01,16901,423677,292438,275537
2014-08-04,16903,423699,292458,275555
2014-08-05,16906,423729,292485,275579
2014-08-06,16907,423761,292513,275606
2014-08-07,16907,423770,292522,275615
2014-08-08,16909,423788,292538,275629
2014-08-11,16910,423801,292548,275638
2014-08-12,16911,423869,292615,275704
2014-08-13,16917,423907,292644,275727
2014-08-14,16917,424054,292791,275874
2014-08-15,16917,424057,292794,275877
2014-08-18,16917,424081,292818,275901
2014-08-19,16921,424106,292838,275917
2014-08-20,16924,424150,292861,275937
2014-08-21,16932,424204,292887,275955
2014-08-22,16932,424206,292889,275957
2014-08-25,16932,424208,292891,275959
2014-08-26,16932,424225,292908,275976
2014-08-27,16936,424371,292991,276055
2014-08-28,16936,424388,293008,276072
2014-08-29,16937,424434,293053,276116
2014-09-01,16937,424457,293076,276139
2014-09-02,16937,424481,293100,276163
2014-09-03,16943,424497,293109,276166
2014-09-04,16951,424536,293120,276169
2014-09-05,16952,424545,293128,276176
2014-09-08,16956,424575,293142,276186
2014-09-09,16956,424587,293154,276198
2014-09-10,16958,424607,293168,276210
2014-09-11,16959,424636,293179,276220
2014-09-12,16959,424652,293195,276236
2014-09-15,16960,424657,293199,276239
2014-09-16,16973,424730,293240,276267
2014-09-17,16980,424787,293266,276286
2014-09-18,17000,425073,293335,276335
2014-09-19,17004,425104,293362,276358
2014-09-22,17005,425119,293375,276370
2014-09-23,17016,425156,293397,276381
2014-09-24,17021,425188,293423,276402
2014-09-25,17021,425224,293459,276438
2014-09-26,17023,425244,293474,276451
2014-09-29,17025,425254,293482,276457
2014-09-30,17025,425270,293498,276473
2014-10-01,17027,425289,293515,276488
2014-10-02,17041,425410,293546,276505
2014-10-03,17046,425437,293567,276521
2014-10-06,17047,425461,293590,276543
2014-10-07,17048,425483,293611,276563
2014-10-08,17048,425500,293628,276580
2014-10-09,17050,425797,293921,276871
2014-10-10,17056,425847,293961,276905
2014-10-13,17064,425912,294010,276946
2014-10-14,17067,425942,294027,276960
2014-10-15,17108,426136,294122,277014
2014-10-16,17109,426156,294141,277032
2014-10-17,17112,426168,294150,277038
2014-10-19,17112,426172,294154,277042
2014-10-20,17112,426183,294165,277053
2014-10-21,17117,426211,294187,277070
2014-10-22,17118,426239,294214,277096
2014-10-23,17145,426325,294269,277124
2014-10-24,17147,426358,294299,277152
2014-10-25,17147,426360,294301,277154
2014-10-26,17147,426382,294323,277176
2014-10-27,17151,426406,294342,277191
2014-10-28,17153,426419,294353,277200
2014-10-29,17153,426440,294374,277221
2014-10-30,17160,426472,294393,277233
2014-10-31,17160,426481,294402,277242
2014-11-03,17161,426518,294438,277277
2014-11-04,17546,441316,294850,277304
2014-11-05,17672,441783,294991,277319
2014-11-06,17677,441806,295009,277332
2014-11-07,17677,441821,295024,277347
2014-11-10,17677,441827,295030,277353
2014-11-11,17677,441841,295044,277367
2014-11-12,17677,441848,295051,277374
2014-11-13,17679,441867,295068,277389
2014-11-14,17687,442062,295105,277418
2014-11-17,17708,442421,295144,277436
2014-11-18,17715,442564,295177,277462
2014-11-19,17719,442591,295200,277481
2014-11-20,17733,442678,295239,277506
2014-11-21,17747,442910,295435,277688
2014-11-24,17748,442926,295449,277701
2014-11-25,17751,443067,295461,277710
2014-11-26,17754,443564,295484,277730
2014-11-27,17754,443621,295541,277787
2014-11-28,17755,443626,295545,277790
2014-11-30,17757,443638,295555,277798
2014-12-01,17757,443666,295583,277826
2014-12-02,17762,443730,295600,277838
2014-12-03,17771,443783,295628,277857
2014-12-04,17779,444534,295643,277864
2014-12-05,17813,444710,295703,277890
2014-12-08,17813,444714,295707,277894
2014-12-09,17828,444756,295734,277906
2014-12-10,17844,444935,295895,278051
2014-12-11,17854,444975,295925,278071
2014-12-12,17861,444998,295934,278073
2014-12-13,17861,445003,295939,278078
2014-12-15,17866,445047,295976,278110
2014-12-16,17876,445143,296012,278136
2014-12-17,17876,445178,296047,278171
2014-12-18,17899,445332,296131,278232
2014-12-19,17907,445373,296164,278257
2014-12-21,17907,445375,296166,278259
2014-12-22,17907,445386,296177,278270
2014-12-23,17913,445538,296202,278289
2014-12-29,17913,445552,296216,278303
2014-12-30,17913,445574,296238,278325
2014-12-31,17913,445577,296241,278328
2015-01-02,17913,445581,296245,278332
2015-01-03,17915,445595,296257,278342
2015-01-05,17915,445614,296276,278361
2015-01-06,17919,445636,296294,278375
2015-01-07,17921,445682,296337,278416
2015-01-08,17921,445697,296352,278431
2015-01-09,17921,445705,296360,278439
2015-01-10,17921,445707,296362,278441
2015-01-12,17945,445784,296407,278462
2015-01-13,17945,445793,296416,278471
2015-01-14,17950,445833,296451,278501
2015-01-15,17950,445834,296452,278502
2015-01-16,18072,446521,296903,278831
2015-01-18,18072,446525,296907,278835
2015-01-19,18154,446996,297228,279074
2015-01-20,18157,447030,297257,279100
2015-01-21,18164,447052,297272,279108
2015-01-22,18168,447125,297314,279146
2015-01-23,18174,447155,297336,279162
2015-01-26,18180,447198,297373,279193
2015-01-27,18181,447215,297389,279208
2015-01-28,18183,447233,297397,279214
2015-01-29,18194,447298,297428,279234
2015-01-30,18197,447314,297441,279244
2015-02-02,18307,447643,297583,279276
2015-02-03,18345,448075,297635,279290
2015-02-04,18389,448317,297719,279330
2015-02-05,18402,448399,297765,279363
2015-02-06,18418,448495,297839,279421
2015-02-07,18418,448496,297840,279422
2015-02-09,18419,448520,297863,279444
2015-02-10,18419,448592,297935,279516
2015-02-11,18420,448610,297952,279532
2015-02-12,18420,448636,297978,279558
2015-02-13,18420,459152,308494,290074
2015-02-14,18420,492149,341491,323071
2015-02-16,18426,492199,341535,323109
2015-02-17,18435,492250,341573,323138
2015-02-18,18441,492303,341619,323178
2015-02-19,18444,492332,341645,323201
2015-02-20,18447,492363,341672,323225
2015-02-23,18447,492396,341705,323258
2015-02-24,18450,492413,341719,323269
2015-02-25,18450,492423,341729,323279
2015-02-26,18451,492428,341733,323282
2015-02-27,18456,492455,341754,323298
2015-03-02,18457,492461,341759,323302
2015-03-03,18458,492488,341766,323308
2015-03-04,18458,492497,341775,323317
2015-03-05,18458,492506,341784,323326
2015-03-06,18460,492517,341792,323332
2015-03-08,18470,492551,341802,323332
2015-03-09,18472,492560,341807,323335
2015-03-10,18483,492595,341829,323346
2015-03-11,18483,492602,341836,323353
2015-03-12,18488,492629,341855,323367
2015-03-13,18489,492666,341891,323402
2015-03-16,18489,492690,341915,323426
2015-03-17,18494,493770,342990,324496
2015-03-18,18496,494287,343505,325009
2015-03-19,18497,494307,343518,325021
2015-03-20,18497,494308,343519,325022
2015-03-22,18497,494311,343522,325025
2015-03-23,18498,494326,343534,325036
2015-03-24,18506,494466,343554,325048
2015-03-25,18508,494574,343563,325055
2015-03-26,18508,494580,343569,325061
2015-03-27,18509,494600,343586,325077
2015-03-29,18510,494604,343589,325079
2015-03-30,18512,494640,343622,325110
2015-03-31,18515,494669,343648,325133
2015-04-01,18521,494777,343664,325143
2015-04-02,18522,494800,343686,325164
2015-04-07,18536,495121,343717,325181
2015-04-08,18537,495134,343729,325192
2015-04-09,18541,495167,343756,325215
2015-04-10,18542,495179,343767,325225
2015-04-11,18550,495236,343779,325229
2015-04-13,18551,495248,343790,325239
2015-04-15,18556,495293,343801,325245
2015-04-16,18568,495340,343818,325250
2015-04-17,18571,495354,343827,325256
2015-04-19,18571,495360,343833,325262
2015-04-20,18572,495392,343840,325268
2015-04-21,18572,495395,343843,325271
2015-04-22,18572,495405,343853,325281
2015-04-23,18576,495456,343862,325286
2015-04-24,18576,495461,343867,325291
2015-04-26,18577,495464,343869,325292
2015-04-27,18580,495510,343905,325325
2015-04-28,18582,495968,343940,325358
2015-04-29,18583,496002,343973,325390
2015-04-30,18585,496012,343981,325396
2015-05-04,18586,496022,343990,325404
2015-05-05,18592,496044,344002,325410
2015-05-06,18601,496085,344025,325424
2015-05-07,18607,496112,344043,325436
2015-05-08,18612,496153,344079,325467
2015-05-10,18612,496155,344081,325469
2015-05-11,18620,496203,344110,325490
2015-05-12,18622,496233,344136,325514
2015-05-13,18622,496240,344143,325521
2015-05-14,18622,496266,344169,325547
2015-05-15,18623,496298,344200,325577
2015-05-18,18625,496320,344220,325595
2015-05-19,18630,496360,344246,325616
2015-05-20,18633,496382,344263,325630
2015-05-21,18634,496399,344274,325640
2015-05-22,18640,496419,344287,325647
2015-05-25,18642,496449,344310,325668
2015-05-26,18642,496452,344313,325671
2015-05-27,18645,496464,344322,325677
2015-05-28,18653,496508,344349,325696
2015-05-29,18657,496533,344361,325704
2015-06-01,18657,496557,344385,325728
2015-06-02,18661,496572,344395,325734
2015-06-03,18680,496662,344460,325780
2015-06-04,18695,496709,344487,325792
2015-06-05,18700,496868,344641,325941
2015-06-06,18700,496877,344650,325950
2015-06-08,18700,496878,344651,325951
2015-06-09,18700,496880,344653,325953
2015-06-11,18713,496974,344671,325958
2015-06-12,18716,496998,344688,325972
2015-06-15,18720,497031,344716,325996
2015-06-16,18723,497051,344730,326007
2015-06-17,18724,497139,344815,326091
2015-06-18,18738,497297,344896,326158
2015-06-19,18739,497430,345025,326286
2015-06-22,18744,497512,345078,326334
2015-06-23,18768,497611,345110,326342
2015-06-24,18768,497612,345111,326343
2015-06-25,18779,497655,345135,326356
2015-06-26,18780,497665,345143,326363
2015-06-27,18780,497668,345146,326366
2015-06-28,18782,497675,345148,326366
2015-06-29,18783,497687,345149,326366
2015-06-30,18791,497712,345159,326368
2015-07-01,18794,497721,345164,326370
2015-07-02,18798,497748,345187,326389
2015-07-03,18799,497754,345192,326393
2015-07-06,18803,497835,345218,326415
2015-07-07,18809,497872,345249,326440
2015-07-08,18809,497900,345277,326468
2015-07-09,18811,497917,345292,326481
2015-07-10,18815,497946,345306,326491
2015-07-13,18822,498118,345350,326528
2015-07-14,18828,498163,345386,326558
2015-07-15,18837,498200,345412,326575
2015-07-16,18842,498360,345459,326617
2015-07-17,18842,498374,345473,326631
2015-07-20,18846,498397,345492,326646
2015-07-21,18849,498411,345502,326653
2015-07-22,18872,498683,345541,326669
2015-07-23,18877,498711,345559,326682
2015-07-24,18880,498772,345566,326686
2015-07-27,18882,498820,345588,326706
2015-07-28,18884,498865,345598,326714
2015-07-29,18888,498929,345626,326738
2015-07-30,18915,499034,345666,326751
2015-07-31,18915,499043,345675,326760
2015-08-01,18916,499046,345676,326760
2015-08-03,18936,499180,345702,326766
2015-08-04,18940,499201,345719,326779
2015-08-05,18943,499216,345727,326784
2015-08-06,18959,499278,345762,326803
2015-08-07,18961,499285,345767,326806
2015-08-09,18961,499287,345769,326808
2015-08-10,18987,499369,345808,326821
2015-08-11,18998,499435,345838,326840
2015-08-12,19010,499537,345881,326871
2015-08-13,20311,530109,347278,326967
2015-08-14,20322,530159,347304,326982
2015-08-17,20324,530175,347318,326994
2015-08-18,20331,530222,347345,327014
2015-08-19,20339,530270,347372,327033
2015-08-20,20344,530302,347398,327054
2015-08-21,20354,530336,347415,327061
2015-08-24,20362,530366,347435,327073
2015-08-25,20369,530434,347457,327088
2015-08-26,20369,530439,347462,327093
2015-08-27,20369,530444,347467,327098
2015-08-28,20369,530447,347470,327101
2015-09-02,20370,530455,347477,327107
2015-09-03,20384,530494,347496,327112
2015-09-04,20386,530511,347509,327123
2015-09-07,20387,530528,347524,327137
2015-09-08,20394,530550,347537,327143
2015-09-09,20403,530576,347554,327151
2015-09-10,20413,530631,347594,327181
2015-09-11,20417,530662,347620,327203
2015-09-14,20417,530666,347624,327207
2015-09-15,20418,530669,347626,327208
2015-09-16,20419,530675,347631,327212
2015-09-17,20428,530706,347647,327219
2015-09-18,20428,530726,347667,327239
2015-09-21,20430,530731,347670,327240
2015-09-22,20430,530887,347826,327396
2015-09-23,20431,530908,347846,327415
2015-09-24,20432,530920,347856,327424
2015-09-25,20433,530940,347871,327438
2015-09-28,20434,530975,347887,327453
2015-09-29,20436,530996,347906,327470
2015-09-30,20439,531023,347920,327481
2015-10-01,20442,531066,347958,327516
2015-10-02,20442,531096,347988,327546
2015-10-05,20445,531113,348002,327557
2015-10-06,20447,531121,348008,327561
2015-10-07,20447,531129,348016,327569
2015-10-08,20453,531449,348216,327763
2015-10-09,20463,531614,348242,327779
2015-10-12,20466,531641,348266,327800
2015-10-13,20468,531677,348277,327809
2015-10-14,20469,532546,349145,328676
2015-10-15,20471,532566,349163,328692
2015-10-20,20471,532582,349179,328708
2015-10-21,20582,536696,349341,328759
2015-10-22,20583,536716,349360,328777
2015-10-23,20585,536735,349375,328790
2015-10-26,20593,536776,349392,328799
2015-10-27,20593,536795,349411,328818
2015-10-28,20601,536832,349435,328834
2015-10-29,20601,536836,349439,328838
2015-10-30,20603,536842,349443,328840
2015-10-31,20603,536843,349444,328841
2015-11-02,20606,536870,349458,328852
2015-11-03,20607,536891,349478,328871
2015-11-04,20612,536925,349504,328892
2015-11-05,20612,536930,349509,328897
2015-11-06,20613,536946,349520,328907
2015-11-09,20623,537274,349548,328925
2015-11-10,20725,544274,349659,328934
2015-11-11,20733,544307,349678,328945
2015-11-12,20738,544337,349703,328965
2015-11-16,20738,544343,349709,328971
2015-11-17,20739,544349,349713,328974
2015-11-18,20739,544350,349714,328975
2015-11-19,20739,544359,349723,328984
2015-11-20,20739,544372,349736,328997
2015-11-23,20744,544420,349754,329010
2015-11-24,20749,544606,349932,329183
2015-11-25,20766,544663,349964,329198
2015-11-26,20773,544720,349984,329211
2015-11-27,20779,544748,349992,329213
2015-11-30,20787,544858,350014,329227
2015-12-01,20793,544881,350030,329237
2015-12-02,20794,544887,350034,329240
2015-12-04,20796,544907,350050,329254
2015-12-07,20797,544909,350051,329254
2015-12-08,20797,544910,350052,329255
2015-12-09,20798,544920,350058,329260
2015-12-10,20798,544926,350064,329266
2015-12-11,20800,544937,350073,329273
2015-12-14,20800,544945,350081,329281
2015-12-15,20801,545497,350632,329831
2015-12-16,20802,545501,350633,329831
2015-12-17,20802,545507,350639,329837
2015-12-18,20806,545531,350643,329837
2015-12-21,20808,545541,350649,329841
2016-01-04,20811,545694,350664,329853
2016-01-05,20811,545702,350672,329861
2016-01-06,20811,545718,350688,329877
2016-01-07,20816,545753,350718,329902
2016-01-08,20820,545816,350752,329932
2016-01-09,20820,545819,350755,329935
2016-01-11,20824,545857,350787,329963
2016-01-12,20824,545872,350802,329978
2016-01-13,20831,545919,350839,330008
2016-01-14,20835,546001,350905,330070
2016-01-15,20837,546014,350912,330075
2016-01-18,20837,546018,350916,330079
2016-01-20,20845,546055,350945,330100
2016-01-21,20855,546101,350977,330122
2016-01-22,20857,546113,350987,330130
2016-01-25,20860,546140,351011,330151
2016-01-26,20862,546179,351048,330186
2016-01-27,20865,546261,351127,330262
2016-01-28,20866,546325,351190,330324
2016-01-29,20866,546368,351233,330367
2016-02-01,20868,546407,351243,330375
2016-02-02,20873,546475,351249,330376
2016-02-03,20875,547661,351895,331020
2016-02-04,20875,552551,356785,335910
2016-02-05,20879,552563,356793,335914
2016-02-08,20879,552566,356796,335917
2016-02-09,20933,553354,356901,335968
2016-02-10,20935,553368,356913,335978
2016-02-11,20952,553891,357242,336290
2016-02-12,20953,553897,357247,336294
2016-02-15,20960,553955,357276,336316
2016-02-16,20987,554105,357333,336346
2016-02-17,20996,554168,357370,336374
2016-02-18,21012,554314,357395,336383
2016-02-19,21020,554434,357490,336470
2016-02-22,21022,554453,357506,336484
2016-02-23,21026,554625,357532,336506
2016-02-24,21029,557103,357540,336511
2016-02-25,21032,557400,357557,336525
2016-02-26,21033,557427,357583,336550
2016-02-29,21035,557447,357601,336566
2016-03-01,21039,557664,357612,336573
2016-03-02,21047,557719,357636,336589
2016-03-03,21050,557731,357645,336595
2016-03-04,21053,557752,357662,336609
2016-03-07,21057,557780,357686,336629
2016-03-08,21067,557835,357703,336636
2016-03-09,21068,557884,357714,336646
2016-03-10,21069,557890,357719,336650
2016-03-11,21079,557927,357734,336655
2016-03-12,21084,557949,357740,336656
2016-03-14,21086,557987,357760,336674
2016-03-15,21091,558031,357775,336684
2016-03-16,21100,558088,357814,336714
2016-03-17,21119,558189,357855,336736
2016-03-18,21124,558249,357882,336758
2016-03-19,21124,558255,357888,336764
2016-03-21,21140,558534,357941,336801
2016-03-22,21147,558623,357983,336836
2016-03-23,21150,558658,358014,336864
2016-03-24,21155,558695,358046,336891
2016-03-25,21155,558696,358047,336892
2016-03-29,21174,558778,358104,336930
2016-03-30,21174,558799,358125,336951
2016-03-31,21177,558823,358144,336967
2016-04-01,21177,558836,358157,336980
2016-04-02,21177,558837,358158,336981
2016-04-03,21177,558840,358161,336984
2016-04-04,21183,558867,358182,336999
2016-04-05,21183,558906,358221,337038
2016-04-06,21184,558917,358229,337045
2016-04-07,21185,558940,358249,337064
2016-04-08,21187,558966,358273,337086
2016-04-11,21189,558980,358285,337096
2016-04-12,21189,558989,358294,337105
2016-04-13,21190,558995,358299,337109
2016-04-14,21192,559016,358313,337121
2016-04-19,21194,559029,358324,337130
2016-04-21,21199,559070,358353,337154
2016-04-22,21206,559108,358374,337168
2016-04-25,21208,559122,358382,337174
2016-04-26,21213,559145,358395,337182
2016-04-27,21213,559146,358396,337183
2016-04-28,21218,559182,358427,337209
2016-05-03,21225,559217,358452,337227
2016-05-04,21230,559259,358488,337258
2016-05-05,21231,559276,358504,337273
2016-05-06,21240,559471,358537,337297
2016-05-07,21240,559472,358538,337298
2016-05-09,21242,559526,358542,337300
2016-05-11,21242,559529,358545,337303
2016-05-12,21245,559548,358559,337314
2016-05-13,21253,559597,358597,337344
2016-05-14,21253,559605,358605,337352
2016-05-15,21254,559666,358606,337352
2016-05-16,21255,559695,358634,337379
2016-05-17,21257,559723,358660,337403
2016-05-18,21265,559754,358676,337411
2016-05-19,21275,559826,358735,337460
2016-05-20,21275,559910,358819,337544
2016-05-23,21277,559929,358835,337558
2016-05-24,21282,559954,358855,337573
2016-05-25,21292,559979,358870,337578
2016-05-26,21302,560008,358887,337585
2016-05-27,21307,560051,358918,337611
2016-05-31,21307,560070,358937,337630
2016-06-01,21309,560103,358968,337659
2016-06-02,21325,560181,359013,337688
2016-06-03,21327,560204,359034,337707
2016-06-04,21327,560209,359039,337712
2016-06-06,21371,563368,359087,337716
2016-06-07,21371,563826,359545,338174
2016-06-08,21375,563839,359554,338179
2016-06-09,21375,563848,359563,338188
2016-06-10,21376,563859,359573,338197
2016-06-13,21377,563867,359578,338201
2016-06-14,21377,563870,359581,338204
2016-06-15,21379,564124,359799,338420
2016-06-16,21380,564129,359802,338422
2016-06-17,21380,565841,361514,340134
2016-06-19,21380,565842,361515,340135
2016-06-20,21391,565912,361568,340177
2016-06-21,21399,566031,361601,340202
2016-06-22,21404,566081,361646,340242
2016-06-23,21411,566113,361668,340257
2016-06-24,21416,566134,361684,340268
2016-06-27,21423,566184,361727,340304
2016-06-28,21424,566212,361754,340330
2016-06-29,21430,566241,361773,340343
2016-06-30,21430,566278,361810,340380
2016-07-01,21431,566334,361863,340432
2016-07-02,21431,566337,361866,340435
2016-07-04,21431,566426,361955,340524
2016-07-05,21432,566440,361966,340534
2016-07-06,21435,566449,361970,340535
2016-07-07,21438,566471,361989,340551
2016-07-11,21443,566494,362007,340564
2016-07-12,21451,566599,362024,340573
2016-07-13,21466,566753,362157,340691
2016-07-14,21466,566754,362158,340692
2016-07-15,21471,566767,362166,340695
2016-07-18,21472,566774,362171,340699
2016-07-19,21474,566783,362178,340704
2016-07-20,21475,566794,362188,340713
2016-07-21,21478,566834,362207,340729
2016-07-25,21479,566851,362223,340744
2016-07-26,21494,567291,362240,340746
2016-07-27,21494,572200,367149,345655
2016-07-28,21494,572204,367153,345659
2016-07-29,21494,572218,367167,345673
2016-08-01,21675,573756,367379,345704
2016-08-02,21680,573777,367394,345714
2016-08-03,21680,573778,367395,345715
2016-08-04,21683,573796,367407,345724
2016-08-05,21683,573811,367422,345739
2016-08-08,21683,573814,367425,345742
2016-08-09,21685,573852,367461,345776
2016-08-10,21691,574700,367482,345791
2016-08-11,21692,574715,367496,345804
2016-08-15,21694,574739,367514,345820
2016-08-16,21712,574821,367553,345841
2016-08-17,21718,574896,367577,345859
2016-08-18,21720,574920,367599,345879
2016-08-19,21723,574950,367626,345903
2016-08-21,21724,574954,367629,345905
2016-08-22,21728,574968,367639,345911
2016-08-23,21729,574989,367659,345930
2016-08-24,21745,575132,367706,345961
2016-08-25,21746,575148,367721,345975
2016-08-26,21747,575156,367728,345981
2016-09-06,21747,575158,367730,345983
2016-09-08,21747,575178,367750,346003
2016-09-09,21747,575196,367768,346021
2016-09-12,21749,575286,367856,346107
2016-09-13,21753,575331,367895,346142
2016-09-14,21759,575359,367909,346150
2016-09-15,21762,575380,367924,346162
2016-09-16,21762,575391,367935,346173
2016-09-19,21763,575408,367950,346187
2016-09-20,21763,575413,367955,346192
2016-09-21,21763,575420,367962,346199
2016-09-22,21763,575422,367964,346201
2016-09-26,21770,575485,367974,346204
2016-09-28,21771,575496,367984,346213
2016-09-30,21780,575549,368026,346246
2016-10-03,21785,575871,368047,346262
2016-10-04,21786,575876,368051,346265
2016-10-05,21788,575891,368064,346276
2016-10-06,21789,575896,368068,346279
2016-10-07,21791,575908,368078,346287
2016-10-10,21792,575920,368088,346296
2016-10-11,21792,575938,368106,346314
2016-10-12,21793,575944,368111,346318
2016-10-13,21795,575955,368119,346324
2016-10-14,21795,575956,368120,346325
2016-10-18,21795,575957,368121,346326
2016-10-19,21797,575968,368129,346332
2016-10-21,21797,575971,368132,346335
2016-10-24,21797,575977,368138,346341
2016-10-25,21798,575986,368146,346348
2016-10-26,21801,576007,368163,346362
2016-10-27,21891,580011,368275,346384
2016-10-28,21896,580036,368294,346398
2016-10-31,21903,580081,368332,346429
2016-11-01,21909,580127,368372,346463
2016-11-02,21920,580161,368392,346472
2016-11-03,21922,580196,368424,346502
2016-11-07,21922,580241,368469,346547
2016-11-08,21932,580286,368503,346571
2016-11-09,21932,580297,368514,346582
2016-11-10,21932,580307,368524,346592
2016-11-11,21939,580335,368543,346604
2016-11-14,21940,580343,368550,346610
2016-11-15,21941,580360,368565,346624
2016-11-16,21943,580386,368587,346644
2016-11-17,21945,580414,368611,346666
2016-11-18,21945,580421,368618,346673
2016-11-21,21945,580435,368632,346687
2016-11-22,21950,580455,368647,346697
2016-11-23,21950,580459,368651,346701
2016-11-24,21960,580855,368661,346701
2016-11-25,21964,580888,368673,346709
2016-11-28,21980,581249,368696,346716
2016-11-29,21987,581401,368705,346718
2016-11-30,21988,581423,368726,346738
2016-12-01,21988,581440,368743,346755
2016-12-02,21988,581448,368751,346763
2016-12-05,21988,581453,368756,346768
2016-12-06,21992,581489,368768,346776
2016-12-07,21993,581500,368778,346785
2016-12-08,21994,581502,368779,346785
2016-12-13,21995,581526,368799,346804
2016-12-14,22000,581557,368821,346821
2016-12-15,22004,581584,368844,346840
2016-12-19,22005,581597,368856,346851
2016-12-20,22011,583819,371066,349055
2016-12-21,22012,583826,371072,349060
2016-12-22,22012,583839,371085,349073
2017-01-04,22013,583841,371086,349073
2017-01-05,22014,583868,371090,349076
2017-01-06,22016,583876,371096,349080
2017-01-09,22016,583880,371100,349084
2017-01-10,22021,583909,371124,349103
2017-01-11,22036,583962,371162,349126
2017-01-12,22044,583996,371188,349144
2017-01-16,22045,584002,371193,349148
2017-01-17,22048,584014,371202,349154
2017-01-18,22066,584097,371243,349177
2017-01-19,22068,584121,371265,349197
2017-01-20,22068,584140,371284,349216
2017-01-23,22072,584176,371299,349227
2017-01-24,22072,584181,371304,349232
2017-01-25,22072,584182,371305,349233
2017-01-26,22077,584222,371336,349259
2017-01-27,22080,584237,371348,349268
2017-01-30,22084,584253,371359,349275
2017-01-31,22088,584278,371374,349286
2017-02-01,22090,584292,371382,349292
2017-02-02,22092,584299,371387,349295
2017-02-06,22092,584302,371390,349298
2017-02-07,22096,584328,371410,349314
2017-02-08,22096,584345,371427,349331
2017-02-09,22101,584372,371449,349348
2017-02-10,22106,584405,371476,349370
2017-02-13,22106,584408,371479,349373
2017-02-14,22106,584409,371480,349374
2017-02-15,22108,606381,393450,371342
2017-02-16,22114,606550,393479,371365
2017-02-17,22128,606614,393508,371380
2017-02-18,22128,606616,393510,371382
2017-02-20,22132,606639,393529,371397
2017-02-21,22138,606667,393551,371413
2017-02-22,22147,606709,393584,371437
2017-02-23,22147,606712,393587,371440
2017-02-24,22150,606722,393594,371444
2017-02-27,22152,606740,393606,371454
2017-02-28,22167,606787,393638,371471
2017-03-01,22172,606800,393646,371474
2017-03-02,22174,606849,393693,371519
2017-03-03,22175,606851,393694,371519
2017-03-06,22184,606885,393712,371528
2017-03-07,22204,607676,393755,371551
2017-03-08,22213,607728,393776,371563
2017-03-09,22225,607767,393791,371566
2017-03-10,22227,607779,393800,371573
2017-03-11,22227,607781,393802,371575
2017-03-13,22233,607799,393808,371575
2017-03-14,22235,607815,393817,371582
2017-03-15,22243,607883,393835,371592
2017-03-16,22245,607928,393842,371597
2017-03-17,22250,607965,393853,371603
2017-03-20,22256,608005,393874,371618
2017-03-21,22262,608022,393884,371622
2017-03-22,22277,608058,393905,371628
2017-03-23,22281,608094,393915,371634
2017-03-24,22295,608152,393932,371637
2017-03-27,22303,608195,393951,371648
2017-03-29,22304,608197,393952,371648
2017-03-30,22308,608212,393960,371652
2017-03-31,22309,608221,393961,371652
2017-04-03,22314,608241,393968,371654
2017-04-04,22315,608258,393984,371669
2017-04-05,22318,608267,393990,371672
2017-04-06,22411,609586,394124,371713
2017-04-07,22411,609587,394125,371714
2017-04-10,22415,609605,394138,371723
2017-04-11,22416,609608,394140,371724
2017-04-12,22426,609658,394159,371733
2017-04-13,22428,609685,394184,371756
2017-04-14,22428,609688,394187,371759
2017-04-17,22429,609697,394188,371759
2017-04-18,22430,609704,394191,371761
2017-04-20,22431,609740,394225,371794
2017-04-21,22431,609754,394239,371808
2017-04-24,22435,609764,394245,371810
2017-04-25,22435,609767,394248,371813
2017-04-26,22437,609778,394253,371816
2017-04-27,22441,609797,394257,371816
2017-04-28,22444,609803,394260,371816
2017-04-30,22445,609976,394261,371816
2017-05-01,22448,610354,394264,371816
2017-05-02,22451,610498,394268,371817
2017-05-03,22458,610864,394288,371830
2017-05-04,22460,610873,394292,371832
2017-05-05,22461,610881,394299,371838
2017-05-08,22465,610902,394315,371850
2017-05-09,22482,610978,394341,371859
2017-05-10,22486,610994,394350,371864
2017-05-11,22487,611005,394360,371873
2017-05-12,22488,611042,394394,371906
2017-05-13,22494,611102,394400,371906
2017-05-14,22498,611120,394406,371908
2017-05-15,22498,611124,394410,371912
2017-05-16,22498,611134,394420,371922
2017-05-17,22513,611367,394438,371925
2017-05-18,22513,611371,394442,371929
2017-05-19,22536,611536,394475,371939
2017-05-20,22541,611579,394481,371940
2017-05-22,22549,611808,394508,371959
2017-05-23,22549,611825,394525,371976
2017-05-24,22553,611878,394536,371983
2017-05-25,22553,611897,394555,372002
2017-05-26,22555,611921,394577,372022
2017-05-28,22556,611924,394578,372022
2017-05-30,22557,611929,394582,372025
2017-05-31,22558,611963,394615,372057
2017-06-01,22558,611983,394635,372077
2017-06-02,22559,612013,394664,372105
2017-06-05,22559,612026,394677,372118
2017-06-06,22562,612035,394683,372121
2017-06-07,22566,612061,394705,372139
2017-06-08,22570,612372,394709,372139
2017-06-09,22571,612387,394723,372152
2017-06-12,22576,612438,394736,372160
2017-06-13,22582,612464,394749,372167
2017-06-14,22584,612495,394770,372186
2017-06-15,22584,612502,394777,372193
2017-06-16,22606,612625,394867,372261
2017-06-19,22613,616348,398516,375903
2017-06-20,22615,616362,398528,375913
2017-06-21,22617,616399,398559,375942
2017-06-22,22637,616623,398614,375977
2017-06-23,22638,616626,398616,375978
2017-06-24,22638,616642,398632,375994
2017-06-26,22647,616695,398667,376020
2017-06-27,22657,616786,398733,376076
2017-06-28,22666,616823,398752,376086
2017-06-29,22676,616866,398775,376099
2017-06-30,22676,621867,403776,381100
2017-07-02,22676,626568,408477,385801
2017-07-03,22678,626581,408488,385810
2017-07-04,22690,626629,408512,385822
2017-07-05,22693,626638,408518,385825
2017-07-07,22702,626711,408532,385830
2017-07-10,22703,626724,408544,385841
2017-07-11,22703,626752,408572,385869
2017-07-12,22703,626774,408594,385891
2017-07-13,22703,626782,408602,385899
2017-07-14,22703,626785,408605,385902
2017-07-15,22704,626788,408607,385903
2017-07-17,22705,626800,408618,385913
2017-07-18,22705,626808,408626,385921
2017-07-19,22705,626835,408653,385948
2017-07-20,22719,626881,408669,385950
2017-07-21,22726,626907,408676,385950
2017-07-24,22735,626942,408694,385959
2017-07-25,22735,626947,408699,385964
2017-07-26,22735,626950,408702,385967
2017-07-27,22735,626954,408706,385971
2017-07-28,22735,626956,408708,385973
2017-07-31,22735,626959,408711,385976
2017-08-01,22735,626975,408727,385992
2017-08-02,22735,626987,408739,386004
2017-08-03,22735,627078,408830,386095
2017-08-04,23341,635220,410884,387543
2017-08-05,23963,641576,415780,391817
2017-08-06,24934,651014,422496,397562
2017-08-07,26108,661493,430209,404101
2017-08-08,26902,667982,434325,407423
2017-08-09,26937,668282,434536,407599
2017-08-10,26954,668931,435148,408194
2017-08-11,27539,677776,436103,408564
2017-08-14,27539,677785,436112,408573
2017-08-15,27543,677798,436116,408573
2017-08-16,27545,677888,436147,408602
2017-08-17,27549,678072,436153,408604
2017-08-18,27549,678073,436154,408605
2017-08-19,27552,678245,436180,408628
2017-08-21,27552,678246,436181,408629
2017-08-22,27553,678270,436204,408651
2017-08-23,27564,678527,436241,408677
2017-08-24,27567,682057,439766,412199
2017-08-26,27567,682059,439768,412201
2017-08-28,27567,682061,439770,412203
2017-08-29,27575,682998,439804,412229
2017-08-30,27578,683051,439849,412271
2017-08-31,27579,683055,439852,412273
2017-09-01,27580,683097,439853,412273
2017-09-04,27580,683103,439859,412279
2017-09-05,27584,683270,439868,412284
2017-09-06,27585,683298,439895,412310
2017-09-07,27592,683315,439905,412313
2017-09-08,27592,683326,439916,412324
2017-09-11,27597,683342,439925,412328
2017-09-12,27598,683353,439935,412337
2017-09-13,27598,683361,439943,412345
2017-09-14,27609,683397,439964,412355
2017-09-15,27614,683412,439974,412360
2017-09-17,27614,683413,439975,412361
2017-09-18,27614,683425,439987,412373
2017-09-19,27616,683449,440009,412393
2017-09-20,27616,683472,440032,412416
2017-09-21,27618,683500,440058,412440
2017-09-24,27618,683518,440076,412458
2017-09-25,27618,683519,440077,412459
2017-09-26,27621,683529,440084,412463
2017-09-27,27623,683553,440088,412465
2017-09-28,27624,683566,440099,412475
2017-09-29,27626,683662,440108,412482
2017-10-02,27631,683816,440116,412485
2017-10-03,27635,683870,440166,412531
2017-10-04,27641,683998,440229,412588
2017-10-05,27642,684095,440324,412682
2017-10-06,27642,684110,440339,412697
2017-10-09,27644,684124,440351,412707
2017-10-10,27657,684187,440368,412711
2017-10-11,27665,684244,440390,412725
2017-10-12,27674,684294,440404,412730
2017-10-13,27674,684302,440412,412738
2017-10-16,27674,684303,440413,412739
2017-10-17,27674,684335,440445,412771
2017-10-18,27676,684354,440462,412786
2017-10-19,27678,688292,444397,416719
2017-10-20,27678,688294,444399,416721
2017-10-23,27685,688325,444413,416728
2017-10-24,27686,688327,444414,416728
2017-10-25,27687,688340,444425,416738
2017-10-27,27688,688344,444428,416740
2017-10-30,27699,688405,444443,416744
2017-10-31,27701,688409,444445,416744
2017-11-02,27701,688411,444447,416746
2017-11-03,27701,688423,444459,416758
2017-11-06,27701,688426,444462,416761
2017-11-07,27701,688432,444468,416767
2017-11-08,27701,688446,444482,416781
2017-11-09,27707,688471,444501,416794
2017-11-10,27714,688509,444517,416803
2017-11-11,27720,688535,444528,416808
2017-11-13,27720,688541,444534,416814
2017-11-14,27721,688572,444540,416819
2017-11-15,27731,688654,444561,416830
2017-11-16,27731,688662,444569,416838
2017-11-17,27732,688673,444579,416847
2017-11-20,27732,688676,444582,416850
2017-11-21,27740,688743,444638,416898
2017-11-22,27743,688773,444665,416922
2017-11-23,27743,688783,444675,416932
2017-11-24,27748,688804,444691,416943
2017-11-27,27751,688818,444702,416951
2017-11-28,27752,688846,444729,416977
2017-11-29,27754,688858,444736,416982
2017-11-30,27755,688877,444752,416997
2017-12-01,27756,688894,444766,417010
2017-12-04,27758,688904,444774,417016
2017-12-05,27765,688939,444784,417019
2017-12-06,27770,689016,444803,417033
2017-12-07,27773,689039,444823,417050
2017-12-08,27778,689456,444836,417058
2017-12-11,27781,689907,445276,417495
2017-12-12,27785,689951,445312,417527
2017-12-13,27789,689966,445323,417534
2017-12-14,27798,689989,445334,417536
2017-12-15,27805,690009,445341,417536
2017-12-18,27820,690049,445357,417537
2017-12-19,27820,690339,445647,417827
2017-12-20,27830,690365,445663,417833
2017-12-21,27834,690416,445710,417876
2017-12-22,27834,690425,445719,417885
2018-01-02,27834,690434,445728,417894
2018-01-03,27835,690447,445739,417904
2018-01-04,27838,690477,445764,417926
2018-01-05,27844,690498,445778,417934
2018-01-08,27845,690510,445786,417941
2018-01-09,27850,690536,445805,417955
2018-01-10,27861,690588,445818,417957
2018-01-11,27863,690596,445824,417961
2018-01-12,27877,690962,445847,417970
2018-01-15,27905,693302,445886,417981
2018-01-16,27907,693343,445901,417994
2018-01-17,27909,693356,445912,418003
2018-01-18,27909,693372,445928,418019
2018-01-19,27909,693377,445933,418024
2018-01-22,27918,693409,445951,418033
2018-01-23,27920,693427,445967,418047
2018-01-24,27920,693451,445991,418071
2018-01-25,27924,693464,445998,418074
2018-01-29,27932,693636,446025,418093
2018-01-30,27937,693666,446049,418112
2018-01-31,27939,693784,446055,418116
2018-02-01,27943,693795,446060,418117
2018-02-02,27946,693823,446084,418138
2018-02-05,27954,694094,446330,418376
2018-02-06,27964,694136,446344,418380
2018-02-07,27967,694146,446348,418381
2018-02-08,27975,694176,446368,418393
2018-02-09,27979,694190,446377,418398
2018-02-11,27979,694196,446383,418404
2018-02-12,27983,694219,446392,418409
2018-02-13,27990,694244,446406,418416
2018-02-14,28003,694295,446422,418419
2018-02-15,28010,694323,446439,418429
2018-02-16,28013,694383,446496,418483
2018-02-19,28015,694387,446498,418483
2018-02-20,28122,702224,446606,418484
2018-02-21,28130,702283,446620,418490
2018-02-22,28131,702290,446626,418495
2018-02-23,28131,702615,446951,418820
2018-02-25,28193,703530,447113,418920
2018-02-26,28194,703542,447123,418929
2018-02-27,28195,703562,447141,418946
2018-02-28,28195,703563,447142,418947
2018-03-01,28195,703575,447154,418959
2018-03-02,28202,703633,447198,418996
2018-03-05,28205,703655,447217,419012
2018-03-06,28205,703696,447258,419053
2018-03-07,28205,703717,447279,419074
2018-03-08,28205,703722,447284,419079
2018-03-09,28209,703749,447299,419090
2018-03-12,28211,703766,447314,419103
2018-03-13,28211,703793,447341,419130
2018-03-14,28211,703805,447353,419142
2018-03-15,28217,703862,447366,419149
2018-03-16,28225,703891,447385,419160
2018-03-19,28225,703899,447393,419168
2018-03-20,28227,703937,447401,419174
2018-03-21,28234,703999,447447,419213
2018-03-22,28234,704004,447452,419218
2018-03-23,28235,704010,447456,419221
2018-03-25,28235,704012,447458,419223
2018-03-26,28235,704062,447508,419273
2018-03-27,28235,704083,447529,419294
2018-03-28,28235,704093,447539,419304
2018-03-29,28235,715929,459375,431140
2018-04-04,28243,715950,459384,431141
2018-04-05,28246,716311,459739,431493
2018-04-06,28247,716316,459742,431495
2018-04-09,28247,716318,459744,431497
2018-04-10,28253,716616,459774,431521
2018-04-11,28271,716710,459803,431532
2018-04-12,28271,716717,459810,431539
2018-04-13,28273,716734,459825,431552
2018-04-16,28278,716752,459838,431560
2018-04-23,28278,716759,459845,431567
2018-04-24,28278,716764,459850,431572
2018-04-25,28289,716801,459874,431585
2018-04-26,28300,716901,459900,431600
2018-04-27,28305,717494,459907,431602
2018-04-30,28314,717653,459935,431621
2018-05-01,28318,717670,459946,431628
2018-05-02,28320,717683,459957,431637
2018-05-03,28390,722481,460073,431683
2018-05-04,28392,722509,460099,431707
2018-05-05,28392,722510,460100,431708
2018-05-08,28392,722522,460112,431720
2018-05-09,28395,722553,460140,431745
2018-05-10,28395,722556,460143,431748
2018-05-11,28395,722559,460146,431751
2018-05-14,28397,722577,460162,431765
2018-05-15,28397,722596,460181,431784
2018-05-16,28400,722617,460199,431799
2018-05-17,28407,722643,460217,431810
2018-05-18,28408,723049,460218,431810
2018-05-21,28411,723077,460239,431828
2018-05-22,28422,723125,460265,431843
2018-05-23,28422,723126,460266,431844
2018-05-24,28423,723131,460270,431847
2018-05-25,28425,723287,460281,431856
2018-05-27,28428,723812,460284,431856
2018-05-29,28429,723818,460289,431860
2018-05-30,28434,724063,460311,431877
2018-05-31,28437,724081,460326,431889
2018-06-01,28442,724182,460331,431889
2018-06-04,28443,724198,460344,431901
2018-06-05,28445,724206,460350,431905
2018-06-06,28447,724222,460364,431917
2018-06-07,28447,724226,460368,431921
2018-06-08,28448,724234,460375,431927
2018-06-11,28448,724236,460377,431929
2018-06-12,28448,724240,460381,431933
2018-06-13,28448,724242,460383,431935
2018-06-14,28448,724494,460635,432187
2018-06-15,28449,724502,460642,432193
2018-06-16,28449,724503,460643,432194
2018-06-19,28451,724529,460665,432214
2018-06-20,28454,724550,460672,432218
2018-06-21,28457,724559,460678,432221
2018-06-22,28463,724604,460711,432248
2018-06-25,28464,724611,460717,432253
2018-06-26,28471,725302,460729,432258
2018-06-27,28478,725332,460742,432264
2018-06-28,28478,725336,460746,432268
2018-06-29,28478,725337,460747,432269
2018-07-02,28480,725353,460752,432272
2018-07-03,28483,725373,460756,432273
2018-07-04,28483,725382,460765,432282
2018-07-06,28484,725384,460766,432282
2018-07-09,28484,725385,460767,432283
2018-07-10,28485,725420,460801,432316
2018-07-11,28489,725513,460812,432323
2018-07-12,28491,725523,460820,432329
2018-07-13,28497,725563,460837,432340
2018-07-15,28499,725573,460842,432343
2018-07-16,28501,725585,460852,432351
2018-07-17,28509,725721,460863,432354
2018-07-18,28535,726903,460917,432382
2018-07-19,28539,726926,460934,432395
2018-07-20,28546,726952,460950,432404
2018-07-21,28546,726953,460951,432405
2018-07-23,28551,726987,460971,432420
2018-07-24,28555,727012,460980,432425
2018-07-25,28561,727054,461010,432449
2018-07-26,28562,731049,465004,436442
2018-07-27,28563,731059,465013,436450
2018-07-28,28563,731066,465020,436457
2018-07-30,28563,731067,465021,436458
2018-07-31,28563,731078,465032,436469
2018-08-01,28564,731099,465039,436475
2018-08-02,28565,731112,465051,436486
2018-08-03,28566,731146,465061,436495
2018-08-06,28566,731149,465064,436498
2018-08-07,28575,731178,465076,436501
2018-08-08,28575,731181,465079,436504
2018-08-09,28575,731195,465093,436518
2018-08-10,28575,731215,465113,436538
2018-08-13,28576,731221,465118,436542
2018-08-14,28579,731305,465151,436572
2018-08-15,28580,731316,465157,436577
2018-08-16,28582,731320,465159,436577
2018-08-17,28585,731334,465165,436580
2018-08-20,28585,731338,465169,436584
2018-08-21,28586,731810,465177,436591
2018-08-22,28594,732288,465199,436605
2018-08-23,28596,732305,465212,436616
2018-08-24,28597,732307,465213,436616
2018-08-27,28597,732313,465219,436622
2018-08-28,28597,732356,465262,436665
2018-08-29,28597,732359,465265,436668
2018-08-30,28599,732387,465267,436668
2018-09-04,28622,732595,465293,436671
2018-09-05,28622,732606,465304,436682
2018-09-06,28624,732669,465320,436696
2018-09-07,28629,733192,465836,437207
2018-09-08,28629,733193,465837,437208
2018-09-10,28653,733954,465870,437217
2018-09-11,28656,733971,465882,437226
2018-09-12,28660,734066,465937,437277
2018-09-13,28661,734101,465947,437286
2018-09-14,28661,734102,465948,437287
2018-09-16,28661,734108,465954,437293
2018-09-17,28661,734118,465964,437303
2018-09-18,28663,734232,465975,437312
2018-09-19,28666,734258,465996,437330
2018-09-20,28666,734265,466003,437337
2018-09-21,28675,734362,466029,437354
2018-09-22,28675,734368,466035,437360
2018-09-23,28677,734381,466044,437367
2018-09-24,28677,734388,466051,437374
2018-09-25,28677,734429,466092,437415
2018-09-26,28677,734442,466105,437428
2018-09-27,28678,734456,466118,437440
2018-09-28,28678,734468,466130,437452
2018-09-29,28678,734473,466135,437457
2018-10-01,28678,734474,466136,437458
2018-10-02,28679,734479,466138,437459
2018-10-03,28679,734493,466152,437473
2018-10-04,28680,734510,466168,437488
2018-10-05,28683,734535,466175,437492
2018-10-08,28685,734544,466182,437497
2018-10-09,28691,734566,466194,437503
2018-10-10,28693,734575,466201,437508
2018-10-11,28693,734588,466214,437521
2018-10-12,28694,734624,466215,437521
2018-10-14,28694,734625,466216,437522
2018-10-15,28702,734693,466239,437537
2018-10-16,28702,734727,466273,437571
2018-10-17,28702,734742,466288,437586
2018-10-18,28702,734746,466292,437590
2018-10-19,28706,734967,466303,437597
2018-10-22,28707,734990,466306,437599
2018-10-23,28708,735172,466307,437599
2018-10-24,28710,735387,466351,437641
2018-10-25,28713,735621,466385,437672
2018-10-26,28714,736624,467387,438673
2018-10-29,28714,736635,467398,438684
2018-10-30,28716,737178,467925,439209
2018-10-31,28720,737464,467930,439210
2018-11-01,28721,737582,467931,439210
2018-11-04,28722,737743,467932,439210
2018-11-05,28722,737745,467934,439212
2018-11-07,28723,737758,467946,439223
2018-11-08,28726,737777,467962,439236
2018-11-09,28730,737795,467975,439245
2018-11-10,28730,737797,467977,439247
2018-11-12,28731,737826,468004,439273
2018-11-13,28732,737837,468014,439282
2018-11-14,28733,737845,468021,439288
2018-11-15,28733,737852,468028,439295
2018-11-16,28733,737857,468033,439300
2018-11-19,28736,742765,472903,444167
2018-11-20,28739,742779,472911,444172
2018-11-21,28741,742833,472939,444198
2018-11-22,28742,742886,472991,444249
2018-11-23,28744,742907,473008,444264
2018-11-24,28744,742908,473009,444265
2018-11-25,28744,742910,473011,444267
2018-11-26,28748,743028,473060,444312
2018-11-27,28763,743310,473098,444335
2018-11-28,28769,743641,473413,444644
2018-11-29,28770,743750,473428,444658
2018-11-30,28777,744115,473448,444671
2018-12-01,28777,744121,473454,444677
2018-12-03,28787,744174,473474,444687
2018-12-04,28789,744230,473485,444696
2018-12-05,28799,744318,473526,444727
2018-12-06,28799,744322,473530,444731
2018-12-07,28800,744329,473536,444736
2018-12-10,28805,744349,473551,444746
2018-12-11,28805,744361,473563,444758
2018-12-12,28807,744376,473572,444765
2018-12-13,28810,744399,473588,444778
2018-12-14,28811,744420,473590,444779
2018-12-15,28811,744423,473593,444782
2018-12-17,28815,744461,473608,444793
2018-12-18,28818,744487,473625,444807
2018-12-19,28819,744532,473629,444810
2018-12-20,28819,744533,473630,444811
2018-12-21,28819,744534,473631,444812
2018-12-22,28819,744544,473641,444822
2018-12-24,28819,744559,473656,444837
2018-12-27,28820,744581,473670,444850
2018-12-28,28820,744582,473671,444851
2018-12-29,28821,744586,473674,444853
2018-12-30,28828,744608,473685,444857
2018-12-31,28831,744618,473691,444860
2019-01-02,28839,744670,473710,444871
2019-01-03,28842,745119,473733,444891
2019-01-04,28842,745135,473749,444907
2019-01-07,28842,745143,473757,444915
2019-01-08,28851,745180,473782,444931
2019-01-09,28856,745198,473794,444938
2019-01-10,28857,745224,473816,444959
2019-01-11,28857,745229,473821,444964
2019-01-12,28860,745256,473838,444978
2019-01-13,28862,745393,473845,444983
2019-01-14,28862,745401,473853,444991
2019-01-15,28864,745460,473873,445009
2019-01-16,28865,745468,473880,445015
2019-01-17,28866,745474,473884,445018
2019-01-18,28867,745476,473885,445018
2019-01-19,28867,745477,473886,445019
2019-01-21,28869,745507,473912,445043
2019-01-22,28870,745517,473920,445050
2019-01-23,28878,749030,473956,445078
2019-01-24,28883,749072,473987,445104
2019-01-25,28893,749480,474003,445110
2019-01-28,28903,749603,474028,445125
2019-01-29,28929,750036,474093,445164
2019-01-30,28930,750065,474100,445170
2019-01-31,28935,750107,474129,445194
2019-02-01,28935,750123,474145,445210
2019-02-05,28936,750144,474164,445228
2019-02-06,28937,750178,474195,445258
2019-02-07,28940,750226,474221,445281
2019-02-08,28947,750267,474254,445307
2019-02-09,28948,750269,474255,445307
2019-02-10,28950,750317,474264,445314
2019-02-11,28953,750338,474281,445328
2019-02-12,28966,750382,474311,445345
2019-02-13,28968,750404,474331,445363
2019-02-14,28970,750418,474343,445373
2019-02-15,28971,750462,474381,445410
2019-02-16,28972,750481,474382,445410
2019-02-18,28975,750513,474405,445430
2019-02-19,28976,750521,474412,445436
2019-02-20,28977,750603,474445,445468
2019-02-21,28984,750802,474470,445486
2019-02-22,28988,750845,474490,445502
2019-02-23,28989,750848,474491,445502
2019-02-25,28989,750865,474508,445519
2019-02-26,28989,750915,474558,445569
2019-02-27,28993,750954,474590,445597
2019-02-28,28994,751008,474641,445647
2019-03-01,29000,751123,474742,445742
2019-03-03,29002,751149,474744,445742
2019-03-04,29005,751181,474759,445754
2019-03-05,29007,751203,474779,445772
2019-03-06,29018,751264,474826,445808
2019-03-07,29026,751336,474890,445864
2019-03-08,29028,751438,474987,445959
2019-03-11,29039,752426,475963,446924
2019-03-12,29041,752536,476071,447030
2019-03-13,29047,752653,476166,447119
2019-03-14,29118,755955,476496,447378
2019-03-15,29120,756005,476528,447408
2019-03-16,29122,756022,476543,447421
2019-03-17,29122,756039,476560,447438
2019-03-18,29143,756148,476594,447451
2019-03-19,29153,756195,476610,447457
2019-03-20,29155,756238,476651,447496
2019-03-21,29165,756268,476667,447502
2019-03-22,29173,756297,476686,447513
2019-03-25,29188,756379,476716,447528
2019-03-26,29193,756447,476753,447560
2019-03-27,29193,756479,476785,447592
2019-03-28,29199,756531,476827,447628
2019-03-29,29201,756567,476861,447660
2019-04-01,29219,757064,477331,448112
2019-04-02,29221,757083,477346,448125
2019-04-03,29222,757097,477359,448137
2019-04-04,29224,757734,477384,448160
2019-04-05,29232,757790,477406,448174
2019-04-06,29233,757792,477407,448174
2019-04-08,29239,757819,477427,448188
2019-04-09,29249,757851,477447,448198
2019-04-10,29261,757896,477474,448213
2019-04-11,29270,757924,477491,448221
2019-04-12,29283,760673,477512,448229
2019-04-14,29283,760676,477515,448232
2019-04-15,29298,760765,477564,448266
2019-04-16,29342,766510,478276,448934
2019-04-17,29344,766539,478303,448959
2019-04-18,29362,766714,478356,448994
2019-04-19,29369,766767,478363,448994
2019-04-23,29374,766910,478380,449006
2019-04-24,29374,766923,478393,449019
2019-04-25,29376,766936,478404,449028
2019-04-26,29378,766947,478413,449035
2019-04-27,29378,766948,478414,449036
2019-04-29,29381,770572,478430,449049
2019-04-30,29381,772337,480195,450814
2019-05-01,29383,772372,480219,450836
2019-05-02,29395,772432,480263,450868
2019-05-03,29398,772454,480282,450884
2019-05-06,29400,772462,480288,450888
2019-05-07,29400,772480,480306,450906
2019-05-08,29406,772518,480336,450930
2019-05-09,29408,772532,480347,450939
2019-05-10,29409,772546,480360,450951
2019-05-11,29409,772549,480363,450954
2019-05-12,29410,772647,480364,450954
2019-05-13,29410,772653,480370,450960
2019-05-14,29412,772663,480375,450963
2019-05-15,29413,772679,480390,450977
2019-05-16,29414,772705,480415,451001
2019-05-17,29414,772707,480417,451003
2019-05-20,29415,772722,480431,451016
2019-05-21,29416,772727,480435,451019
2019-05-22,29423,772764,480453,451030
2019-05-23,29424,772769,480457,451033
2019-05-24,29425,772779,480466,451041
2019-05-26,29426,772785,480471,451045
2019-05-27,29427,772802,480487,451060
2019-05-28,29430,772823,480505,451075
2019-05-29,29435,772854,480531,451096
2019-05-30,29442,772903,480568,451126
2019-05-31,29445,772909,480571,451126
2019-06-01,29445,772910,480572,451127
2019-06-03,29451,772933,480588,451137
2019-06-04,29456,773031,480599,451143
2019-06-05,29463,773136,480643,451180
2019-06-06,29469,773199,480653,451184
2019-06-07,29472,773251,480683,451211
2019-06-10,29473,773254,480685,451212
2019-06-11,29475,773268,480697,451222
2019-06-12,29479,773308,480729,451250
2019-06-13,29481,773322,480739,451258
2019-06-14,29484,773349,480762,451278
2019-06-16,29484,773352,480765,451281
2019-06-17,29484,773365,480778,451294
2019-06-18,29486,773382,480787,451301
2019-06-19,29490,773408,480808,451318
2019-06-20,29493,773429,480825,451332
2019-06-21,29493,773478,480874,451381
2019-06-23,29493,773499,480895,451402
2019-06-24,29493,773539,480935,451442
2019-06-25,29494,773555,480950,451456
2019-06-26,29497,773565,480957,451460
2019-06-27,29498,773573,480964,451466
2019-06-28,29520,773631,481000,451480
2019-07-01,29522,773819,481024,451502
2019-07-02,29534,773893,481084,451550
2019-07-03,29537,773935,481090,451553
2019-07-04,29539,773944,481095,451556
2019-07-05,29540,773946,481096,451556
2019-07-06,29540,773950,481100,451560
2019-07-08,29548,774000,481118,451570
2019-07-09,29549,774097,481175,451626
2019-07-10,29550,774101,481178,451628
2019-07-11,33950,832385,486365,452415
2019-07-12,33955,832410,486384,452429
2019-07-13,33957,832429,486387,452430
2019-07-14,33958,832437,486393,452435
2019-07-15,33964,832454,486403,452439
2019-07-16,33968,832475,486415,452447
2019-07-17,33973,832493,486427,452454
2019-07-18,33975,832503,486435,452460
2019-07-19,33976,832511,486442,452466
2019-07-22,33977,832516,486445,452468
2019-07-23,33977,832524,486453,452476
2019-07-24,33981,832566,486476,452495
2019-07-25,33982,832590,486499,452517
2019-07-26,34276,837491,486815,452539
2019-07-27,34278,837501,486823,452545
2019-07-28,34278,837506,486828,452550
2019-07-29,34283,837542,486841,452558
2019-07-30,34284,837556,486854,452570
2019-07-31,34284,837561,486859,452575
2019-08-01,34285,837575,486871,452586
2019-08-02,34293,838001,487265,452972
2019-08-05,34301,838052,487300,452999
2019-08-06,34306,838080,487320,453014
2019-08-07,34308,838120,487358,453050
2019-08-08,34310,838212,487369,453059
2019-08-12,34314,838545,487437,453123
2019-08-13,34324,838620,487458,453134
2019-08-14,34331,838671,487501,453170
2019-08-15,34333,838688,487515,453182
2019-08-16,34334,838701,487527,453193
2019-08-17,34336,838707,487529,453193
2019-08-19,34336,838737,487559,453223
2019-08-20,34341,838769,487582,453241
2019-08-21,34345,838783,487591,453246
2019-08-22,34346,838793,487599,453253
2019-08-23,34346,838798,487604,453258
2019-08-24,34346,838799,487605,453259
2019-08-25,34348,838807,487611,453263
2019-08-27,34348,838811,487615,453267
2019-08-28,34349,838822,487625,453276
2019-08-29,34358,838866,487651,453293
2019-08-30,34359,838877,487660,453301
2019-08-31,34359,838881,487664,453305
2019-09-02,34382,838961,487701,453319
2019-09-03,34386,838994,487728,453342
2019-09-04,34399,839353,487793,453394
2019-09-06,34399,839363,487803,453404
2019-09-09,34399,839368,487808,453409
2019-09-10,34400,839388,487827,453427
2019-09-11,34400,839395,487834,453434
2019-09-12,34401,839415,487853,453452
2019-09-13,34401,839427,487865,453464
2019-09-16,34403,839888,488324,453921
2019-09-17,34403,839898,488334,453931
2019-09-18,34412,839955,488362,453950
2019-09-19,34414,840135,488540,454126
2019-09-20,34435,840244,488582,454147
2019-09-23,34436,840263,488598,454162
2019-09-24,34437,840318,488604,454167
2019-09-25,34438,840346,488631,454193
2019-09-26,34445,840382,488658,454213
2019-09-27,34457,840441,488676,454219
2019-09-28,34457,840446,488681,454224
2019-09-29,34457,840447,488682,454225
2019-09-30,34457,840450,488685,454228
2019-10-01,34457,840457,488692,454235
2019-10-02,34459,840468,488700,454241
2019-10-03,34462,840518,488744,454282
2019-10-04,34465,842668,490886,456421
2019-10-07,34468,842702,490913,456445
2019-10-08,34474,842744,490949,456475
2019-10-09,34479,842785,490976,456497
2019-10-10,34484,842817,491002,456518
2019-10-11,34487,842865,491045,456558
2019-10-12,34487,842866,491046,456559
2019-10-14,34489,842894,491070,456581
2019-10-15,34493,842973,491141,456648
2019-10-16,34495,842998,491158,456663
2019-10-17,34501,843127,491171,456670
2019-10-18,34503,843135,491173,456670
2019-10-19,34504,843138,491174,456670
2019-10-21,34507,843176,491209,456702
2019-10-22,34516,843220,491241,456725
2019-10-23,34523,843306,491259,456736
2019-10-24,34523,843319,491272,456749
2019-10-25,34526,843336,491281,456755
2019-10-26,34526,843337,491282,456756
2019-10-28,34537,843381,491307,456770
2019-10-29,34537,843403,491329,456792
2019-10-30,34540,845936,493859,459319
2019-10-31,34553,845978,493884,459331
2019-11-01,34553,845985,493891,459338
2019-11-02,34553,845990,493896,459343
2019-11-03,34553,845993,493899,459346
2019-11-04,34554,845997,493902,459348
2019-11-05,34555,846003,493905,459350
2019-11-06,34558,846024,493923,459365
2019-11-07,34559,846026,493924,459365
2019-11-08,34559,846037,493935,459376
2019-11-10,34559,846038,493936,459377
2019-11-11,34567,846080,493969,459402
2019-11-12,34571,846107,493991,459420
2019-11-13,34575,846169,494034,459459
2019-11-14,34577,846372,494052,459475
2019-11-15,34583,846407,494066,459483
2019-11-18,34584,846416,494072,459488
2019-11-19,34584,846426,494082,459498
2019-11-20,34605,846480,494105,459500
2019-11-21,34609,846541,494116,459507
2019-11-22,34611,846560,494120,459509
2019-11-25,34611,846581,494141,459530
2019-11-26,34615,846629,494183,459568
2019-11-27,34618,846651,494201,459583
2019-11-28,34621,846770,494317,459696
2019-11-29,34624,847054,494326,459702
2019-12-01,34624,847055,494327,459703
2019-12-02,34633,847096,494357,459724
2019-12-03,34949,852072,494705,459756
2019-12-04,34951,852095,494726,459775
2019-12-05,34956,852780,495406,460450
2019-12-06,34956,852781,495407,460451
2019-12-09,34957,852798,495423,460466
2019-12-10,34959,852827,495438,460479
2019-12-11,34985,853445,495839,460854
2019-12-12,35014,853618,495880,460866
2019-12-13,35026,988366,630597,595571
2019-12-15,35026,1016388,658619,623593
2019-12-16,35028,1016406,658631,623603
2019-12-17,35028,1016414,658639,623611
2019-12-18,35029,1016438,658662,623633
2019-12-19,35030,1016447,658670,623640
2019-12-20,35032,1016456,658677,623645
2019-12-22,35032,1016459,658680,623648
2019-12-23,35032,1016463,658684,623652
2019-12-24,35032,1016465,658686,623654
2019-12-27,35032,1016469,658690,623658
2019-12-28,35032,1016470,658691,623659
2019-12-31,35034,1016491,658709,623675
2020-01-01,35040,1016512,658722,623682
2020-01-02,35047,1016547,658734,623687
2020-01-03,35055,1016571,658750,623695
2020-01-06,35058,1016595,658771,623713
2020-01-07,35064,1016668,658802,623738
2020-01-08,35067,1016688,658819,623752
2020-01-09,35068,1016695,658825,623757
2020-01-10,35070,1017121,659238,624168
2020-01-11,35070,1017123,659240,624170
2020-01-13,35255,1022921,659443,624188
2020-01-14,35265,1022993,659481,624216
2020-01-15,35272,1023030,659511,624239
2020-01-16,35284,1023076,659545,624261
2020-01-17,35284,1023089,659558,624274
2020-01-20,35299,1023150,659604,624305
2020-01-21,35323,1023357,659656,624333
2020-01-22,35353,1023457,659726,624373
2020-01-23,35372,1023516,659766,624394
2020-01-24,35378,1023560,659804,624426
2020-01-27,35502,1024891,659978,624476
2020-01-28,35508,1027522,659997,624489
2020-01-29,35512,1027543,660005,624493
2020-01-30,35513,1027553,660014,624501
2020-01-31,35513,1027558,660019,624506
2020-02-03,35516,1027582,660030,624514
2020-02-04,35516,1027588,660036,624520
2020-02-05,35518,1027592,660038,624520
2020-02-07,35519,1027595,660039,624520
2020-02-10,35522,1027692,660052,624530
2020-02-11,35523,1027709,660068,624545
2020-02-12,35523,1027719,660078,624555
2020-02-13,35526,1027742,660098,624572
2020-02-14,35528,1027760,660114,624586
2020-02-17,35543,1027809,660138,624595
2020-02-18,35543,1027894,660223,624680
2020-02-19,35547,1027911,660234,624687
2020-02-20,35551,1027930,660247,624696
2020-02-21,35552,1028433,660296,624744
2020-02-23,35553,1028846,660300,624747
2020-02-24,35553,1028864,660318,624765
2020-02-25,35562,1028921,660366,624804
2020-02-26,35563,1028933,660377,624814
2020-02-27,35563,1028963,660407,624844
2020-02-28,35565,1028975,660416,624851
2020-03-01,35566,1028977,660417,624851
2020-03-02,35576,1029019,660443,624867
2020-03-03,35580,1029036,660456,624876
2020-03-04,35580,1029039,660459,624879
2020-03-05,35582,1029044,660462,624880
2020-03-06,35582,1029046,660464,624882
2020-03-07,35582,1029056,660474,624892
2020-03-09,35582,1029085,660503,624921
2020-03-10,35582,1029094,660512,624930
2020-03-11,35582,1029133,660551,624969
2020-03-12,35582,1029152,660570,624988
2020-03-13,35582,1029178,660596,625014
2020-03-14,35582,1029180,660598,625016
2020-03-15,35585,1029196,660602,625017
2020-03-16,35585,1029198,660604,625019
2020-03-17,35598,1029564,660647,625049
2020-03-18,35608,1030159,660678,625070
2020-03-19,35608,1030179,660698,625090
2020-03-20,35610,1030305,660775,625165
2020-03-23,35611,1030324,660793,625182
2020-03-24,35612,1030343,660811,625199
2020-03-25,35904,1033993,661321,625417
2020-03-26,35904,1033997,661325,625421
2020-03-27,35906,1034123,661449,625543
2020-03-28,35906,1034124,661450,625544
2020-03-29,35914,1034175,661469,625555
2020-03-30,35915,1034200,661493,625578
2020-03-31,35915,1034203,661496,625581
2020-04-01,35915,1034222,661515,625600
2020-04-02,35919,1034255,661544,625625
2020-04-03,35928,1034288,661568,625640
2020-04-04,35928,1034334,661614,625686
2020-04-05,35928,1034345,661625,625697
2020-04-06,35928,1034360,661640,625712
2020-04-07,35936,1034733,661678,625742
2020-04-08,35950,1034819,661731,625781
2020-04-09,35956,1034876,661768,625812
2020-04-10,35957,1034887,661778,625821
2020-04-11,35957,1034906,661797,625840
2020-04-12,35957,1034908,661799,625842
2020-04-13,35959,1034972,661844,625885
2020-04-14,35983,1042462,668805,632822
2020-04-15,35996,1042521,668845,632849
2020-04-16,36000,1042539,668858,632858
2020-04-17,36002,1042573,668879,632877
2020-04-19,36002,1042574,668880,632878
2020-04-20,36004,1042589,668893,632889
2020-04-21,36006,1044304,668920,632914
2020-04-22,36006,1044324,668940,632934
2020-04-23,36012,1044354,668964,632952
2020-04-24,36014,1044371,668979,632965
2020-04-27,36016,1044408,669012,632996
2020-04-28,36016,1044423,669027,633011
2020-04-29,36016,1044428,669032,633016
2020-04-30,36016,1044432,669036,633020
2020-05-01,36016,1044436,669040,633024
2020-05-03,36016,1044437,669041,633025
2020-05-04,36017,1044446,669049,633032
2020-05-05,36020,1044471,669071,633051
2020-05-06,36020,1044486,669086,633066
2020-05-07,36021,1044502,669101,633080
2020-05-08,36022,1044506,669104,633082
2020-05-09,36022,1044512,669110,633088
2020-05-11,36028,1044546,669134,633106
2020-05-12,36064,1047771,669233,633169
2020-05-13,36075,1047815,669265,633190
2020-05-14,36089,1047867,669291,633202
2020-05-15,36106,1047921,669316,633210
2020-05-18,36116,1047974,669338,633222
2020-05-19,36116,1047976,669340,633224
2020-05-20,36120,1048189,669366,633246
2020-05-21,36123,1048338,669404,633281
2020-05-22,36124,1048365,669429,633305
2020-05-23,36125,1048368,669431,633306
2020-05-25,36128,1048392,669451,633323
2020-05-26,36133,1048437,669470,633337
2020-05-27,36134,1048445,669476,633342
2020-05-28,36141,1048489,669497,633356
2020-05-29,36147,1048625,669514,633367
2020-05-30,36147,1048627,669516,633369
2020-05-31,36147,1048631,669520,633373
2020-06-01,36151,1048651,669536,633385
2020-06-02,36153,1048680,669562,633409
2020-06-03,36159,1049244,669578,633419
2020-06-04,36162,1049328,669588,633426
2020-06-05,36166,1049361,669606,633440
2020-06-06,36168,1049417,669621,633453
2020-06-08,36168,1049429,669633,633465
2020-06-09,36172,1049456,669656,633484
2020-06-10,36179,1049492,669684,633505
2020-06-11,36183,1049529,669716,633533
2020-06-12,36185,1049540,669725,633540
2020-06-13,36185,1049541,669726,633541
2020-06-14,36185,1049543,669728,633543
2020-06-15,36194,1050185,669759,633565
2020-06-16,36195,1050203,669776,633581
2020-06-17,36199,1050233,669799,633600
2020-06-18,36200,1050261,669826,633626
2020-06-19,36205,1050293,669841,633636
2020-06-20,36206,1050334,669846,633640
2020-06-21,36206,1050337,669849,633643
2020-06-22,36207,1050349,669860,633653
2020-06-23,36207,1050359,669870,633663
2020-06-24,36207,1050366,669877,633670
2020-06-25,36242,1052238,669944,633702
2020-06-26,36247,1052267,669966,633719
2020-06-27,36248,1052274,669967,633719
2020-06-28,36249,1052277,669969,633720
2020-06-29,36250,1052306,669997,633747
2020-06-30,36258,1052346,670020,633762
2020-07-01,36277,1052636,670063,633786
2020-07-02,36279,1052655,670078,633799
2020-07-03,36300,1052782,670109,633809
2020-07-04,36301,1052796,670117,633816
2020-07-06,36308,1052855,670149,633841
2020-07-07,36314,1052882,670164,633850
2020-07-08,36330,1052956,670204,633874
2020-07-09,36332,1052970,670215,633883
2020-07-10,36336,1053035,670274,633938
2020-07-12,36336,1053084,670323,633987
2020-07-13,36336,1053169,670408,634072
2020-07-14,36337,1053213,670446,634109
2020-07-15,36337,1053217,670450,634113
2020-07-16,36349,1053260,670481,634132
2020-07-17,36380,1053341,670525,634145
2020-07-18,36380,1053347,670531,634151
2020-07-19,36380,1053351,670535,634155
2020-07-20,36380,1053354,670538,634158
2020-07-21,36380,1053357,670541,634161
2020-07-22,36380,1053368,670552,634172
2020-07-23,36381,1053380,670563,634182
2020-07-24,36386,1053463,670575,634189
2020-07-27,36387,1053468,670579,634192
2020-07-28,36388,1053479,670589,634201
2020-07-29,36388,1053486,670596,634208
2020-07-30,36388,1053495,670605,634217
2020-07-31,36389,1053533,670609,634220
2020-08-01,36391,1053539,670613,634222
2020-08-03,36401,1053722,670643,634242
2020-08-04,36409,1053743,670656,634247
2020-08-05,36451,1054442,670975,634524
2020-08-06,36455,1054460,670988,634533
2020-08-07,36461,1054786,671002,634541
2020-08-08,36461,1054789,671005,634544
2020-08-09,36464,1055209,671008,634544
2020-08-10,36464,1055213,671012,634548
2020-08-11,36466,1055224,671020,634554
2020-08-12,36471,1055247,671038,634567
2020-08-13,36473,1055299,671054,634581
2020-08-14,36474,1055327,671077,634603
2020-08-16,36474,1055329,671079,634605
2020-08-17,36477,1055505,671252,634775
2020-08-18,36478,1055519,671265,634787
2020-08-20,36479,1055527,671272,634793
2020-08-21,36479,1055539,671284,634805
2020-08-24,36488,1055569,671302,634814
2020-08-25,36492,1055837,671313,634821
2020-08-26,36494,1055960,671320,634826
2020-08-27,36494,1055981,671341,634847
2020-08-28,36494,1055993,671353,634859
2020-08-29,36494,1055996,671356,634862
2020-09-01,36494,1056000,671360,634866
2020-09-02,36495,1056016,671375,634880
2020-09-03,36495,1056133,671492,634997
2020-09-04,36495,1056143,671502,635007
2020-09-07,36496,1056148,671506,635010
2020-09-08,36496,1056161,671519,635023
2020-09-09,36502,1056204,671536,635034
2020-09-10,36504,1056275,671547,635043
2020-09-11,36504,1056283,671555,635051
2020-09-14,36507,1056311,671580,635073
2020-09-15,36508,1076274,691509,655001
2020-09-16,36508,1103677,718912,682404
2020-09-17,36508,1103690,718925,682417
2020-09-18,36512,1103720,718945,682433
2020-09-19,36512,1103729,718954,682442
2020-09-20,36512,1103730,718955,682443
2020-09-21,36515,1103906,718969,682454
2020-09-22,36520,1103932,718990,682470
2020-09-23,36521,1103944,719001,682480
2020-09-24,36526,1103979,719029,682503
2020-09-25,36532,1104127,719094,682562
2020-09-27,36532,1104129,719096,682564
2020-09-28,36532,1104171,719138,682606
2020-09-29,36539,1104200,719155,682616
2020-09-30,36542,1104212,719164,682622
2020-10-01,36542,1104221,719173,682631
2020-10-02,36545,1104232,719180,682635
2020-10-03,36545,1104233,719181,682636
2020-10-05,36551,1104259,719201,682650
2020-10-06,36551,1104283,719225,682674
2020-10-07,36555,1104310,719248,682693
2020-10-08,36567,1104423,719285,682718
2020-10-09,36567,1104425,719287,682720
2020-10-11,36567,1104428,719290,682723
2020-10-12,36576,1104596,719308,682732
2020-10-13,36576,1104603,719315,682739
2020-10-14,36579,1104613,719320,682741
2020-10-15,36589,1104652,719340,682751
2020-10-16,36594,1104805,719358,682764
2020-10-17,36596,1104837,719364,682768
2020-10-19,36625,1105355,719411,682786
2020-10-20,36652,1105762,719451,682799
2020-10-21,36695,1107272,719513,682818
2020-10-22,36696,1107276,719516,682820
2020-10-23,36696,1107278,719518,682822
2020-10-26,36697,1107291,719530,682833
2020-10-27,36697,1107301,719540,682843
2020-10-28,36703,1107347,719580,682877
2020-10-29,36724,1107426,719624,682900
2020-10-30,36730,1108359,719707,682977
2020-10-31,36732,1108364,719710,682978
2020-11-01,36732,1108366,719712,682980
2020-11-02,36739,1108388,719725,682986
2020-11-03,36739,1108408,719745,683006
2020-11-04,36739,1108415,719752,683013
2020-11-05,36743,1108509,719770,683027
2020-11-06,36748,1108524,719780,683032
2020-11-09,36759,1108564,719807,683048
2020-11-10,36761,1108589,719830,683069
2020-11-11,36763,1108618,719848,683085
2020-11-12,36766,1108625,719852,683086
2020-11-13,36777,1108722,719870,683093
2020-11-15,36777,1108725,719873,683096
2020-11-16,36781,1108767,719907,683126
2020-11-17,36783,1108870,719918,683135
2020-11-18,36786,1108940,719933,683147
2020-11-19,36797,1109092,719965,683168
2020-11-20,36802,1109170,719991,683189
2020-11-23,36803,1109284,720006,683203
2020-11-24,36809,1109336,720051,683242
2020-11-25,36817,1109791,720072,683255
2020-11-26,36830,1110491,720106,683276
2020-11-27,36830,1112039,721654,684824
2020-11-29,36834,1112237,721658,684824
2020-11-30,36844,1112434,721678,684834
2020-12-01,36863,1112748,721715,684852
2020-12-02,36871,1112780,721736,684865
2020-12-03,36871,1112785,721741,684870
2020-12-04,36872,1112841,721758,684886
2020-12-07,36882,1113075,721796,684914
2020-12-08,36882,1114630,723351,686469
2020-12-09,36883,1114661,723381,686498
2020-12-10,36889,1115057,723401,686512
2020-12-11,36891,1115136,723443,686552
2020-12-14,36891,1115143,723450,686559
2020-12-15,36895,1115165,723465,686570
2020-12-16,36895,1115168,723468,686573
2020-12-17,36899,1115182,723477,686578
2020-12-20,36899,1115185,723480,686581
2020-12-21,36899,1115192,723487,686588
2020-12-22,36901,1115201,723493,686592
2020-12-23,36911,1115421,723534,686623
2020-12-24,36915,1115588,723556,686641
2020-12-25,36918,1115670,723559,686641
2020-12-28,36927,1115833,723578,686651
2020-12-29,36941,1116201,723605,686664
2020-12-30,36951,1116476,723619,686668
2020-12-31,36957,1116511,723647,686690
2021-01-01,36961,1116523,723654,686693
2021-01-04,36961,1116524,723655,686694
2021-01-05,36962,1116650,723659,686697
2021-01-06,36963,1116701,723674,686711
2021-01-07,36964,1116734,723706,686742
2021-01-08,36971,1116789,723737,686766
2021-01-11,36986,1116868,723796,686810
2021-01-12,36988,1116992,723915,686927
2021-01-13,36992,1117004,723923,686931
2021-01-14,36994,1117234,724079,687085
2021-01-15,36999,1117467,724149,687150
2021-01-16,36999,1117469,724151,687152
2021-01-18,37011,1117863,724237,687226
2021-01-19,37016,1117977,724279,687263
2021-01-20,37016,1118058,724360,687344
2021-01-21,37020,1118146,724444,687424
2021-01-22,37062,1118248,724504,687442
2021-01-23,37062,1118251,724507,687445
2021-01-25,37064,1118265,724519,687455
2021-01-26,37064,1118272,724526,687462
2021-01-27,37065,1118351,724563,687498
2021-01-28,37076,1118417,724597,687521
2021-01-29,37082,1118635,724634,687552
2021-01-30,37083,1118642,724639,687556
2021-02-01,37094,1119066,724698,687604
2021-02-02,37105,1119244,724731,687626
2021-02-03,37108,1119270,724738,687630
2021-02-04,37108,1119278,724746,687638
2021-02-05,37114,1119471,724769,687655
2021-02-08,37123,1119506,724785,687662
2021-02-09,37137,1119563,724818,687681
2021-02-10,37163,1119681,724862,687699
2021-02-11,37169,1119710,724885,687716
2021-02-12,37179,1119950,724905,687726
2021-02-13,37179,1119952,724907,687728
2021-02-14,37179,1119953,724908,687729
2021-02-15,37194,1120038,724937,687743
2021-02-16,37198,1120085,724950,687752
2021-02-17,37200,1120110,724972,687772
2021-02-18,37205,1120204,724991,687786
2021-02-19,37209,1120364,725002,687793
2021-02-21,37210,1120367,725003,687793
2021-02-22,37213,1120428,725061,687848
2021-02-23,37213,1122185,726818,689605
2021-02-24,37218,1122221,726840,689622
2021-02-25,37219,1122232,726850,689631
2021-02-26,37219,1136760,741378,704159
2021-03-01,37226,1136807,741410,704184
2021-03-02,37234,1136843,741435,704201
2021-03-03,37235,1136863,741454,704219
2021-03-04,37248,1137021,741474,704226
2021-03-05,37252,1137091,741494,704242
2021-03-08,37260,1137126,741516,704256
2021-03-09,37280,1137191,741551,704271
2021-03-10,37281,1137194,741553,704272
2021-03-11,37284,1137212,741568,704284
2021-03-12,37288,1137357,741588,704300
2021-03-15,37290,1137402,741631,704341
2021-03-16,37291,1137421,741649,704358
2021-03-17,37294,1137430,741655,704361
2021-03-18,37308,1137853,741697,704389
2021-03-19,37328,1138891,741787,704459
2021-03-22,37328,1138893,741789,704461
2021-03-23,37330,1138910,741804,704474
2021-03-24,37333,1138924,741812,704479
2021-03-25,37334,1138971,741857,704523
2021-03-26,37337,1139135,741867,704530
2021-03-29,37337,1139141,741873,704536
2021-03-30,37339,1139159,741889,704550
2021-03-31,37350,1139232,741938,704588
2021-04-01,37353,1139264,741967,704614
2021-04-02,37356,1139273,741973,704617
2021-04-04,37357,1139308,741974,704617
2021-04-05,37357,1139309,741975,704618
2021-04-06,37360,1139321,741982,704622
2021-04-07,37366,1139375,742028,704662
2021-04-08,37376,1139467,742067,704691
2021-04-09,37383,1139587,742092,704709
2021-04-10,37384,1139590,742093,704709
2021-04-12,37386,1139595,742095,704709
2021-04-13,37391,1139609,742103,704712
2021-04-14,37393,1139654,742116,704723
2021-04-15,37395,1140333,742739,705344
2021-04-16,37404,1140594,742761,705357
2021-04-19,37413,1140659,742786,705373
2021-04-20,37431,1140834,742823,705392
2021-04-21,37432,1140844,742832,705400
2021-04-22,37433,1141075,742854,705421
2021-04-23,37440,1141347,742876,705436
2021-04-26,37441,1141366,742885,705444
2021-04-27,37448,1141396,742899,705451
2021-04-28,37461,1142115,742926,705465
2021-04-29,37470,1142137,742938,705468
2021-04-30,37476,1142170,742957,705481
2021-05-01,37478,1142403,742959,705481
2021-05-03,37487,1142436,742983,705496
2021-05-04,37491,1142464,743006,705515
2021-05-05,37493,1142480,743020,705527
2021-05-06,37495,1142505,743043,705548
2021-05-07,37496,1142535,743062,705566
2021-05-09,37496,1142540,743067,705571
2021-05-10,37506,1142565,743078,705572
2021-05-11,37511,1142589,743097,705586
2021-05-12,37515,1142642,743138,705623
2021-05-13,37518,1142693,743153,705635
2021-05-14,37527,1142924,743187,705660
2021-05-18,37533,1142951,743206,705673
2021-05-19,37544,1143037,743223,705679
2021-05-20,37544,1143047,743233,705689
2021-05-21,37559,1143510,743255,705696
2021-05-25,37562,1143682,743276,705714
2021-05-26,37568,1143857,743290,705722
2021-05-27,37570,1143878,743308,705738
2021-05-28,37571,1143908,743335,705764
2021-06-01,37571,1143916,743343,705772
2021-06-02,37590,1144332,743367,705777
2021-06-03,37592,1144426,743384,705792
2021-06-04,37600,1144583,743400,705800
2021-06-06,37602,1144590,743402,705800
2021-06-07,37614,1144643,743427,705813
2021-06-08,37622,1145057,743443,705821
2021-06-09,37626,1145122,743457,705831
2021-06-10,37630,1145367,743466,705836
2021-06-11,37636,1145431,743479,705843
2021-06-14,37636,1145436,743484,705848
2021-06-15,37647,1145551,743521,705874
2021-06-16,37653,1145730,743552,705899
2021-06-17,37665,1145811,743611,705946
2021-06-18,37667,1145865,743661,705994
2021-06-20,37668,1145870,743665,705997
2021-06-21,37670,1145909,743685,706015
2021-06-22,37670,1145912,743688,706018
2021-06-23,37672,1145977,743707,706035
2021-06-24,37687,1146041,743743,706056
2021-06-25,37689,1146083,743748,706059
2021-06-26,37695,1146107,743764,706069
2021-06-27,37695,1146109,743766,706071
2021-06-28,37699,1146134,743785,706086
2021-06-29,37702,1146203,743798,706096
2021-06-30,37702,1146221,743816,706114
2021-07-01,37707,1146280,743844,706137
2021-07-02,37707,1146286,743850,706143
2021-07-03,37708,1146288,743851,706143
2021-07-05,37710,1146305,743866,706156
2021-07-06,37716,1146331,743882,706166
2021-07-07,37721,1146448,743907,706186
2021-07-08,37723,1146459,743914,706191
2021-07-09,37726,1146535,743934,706208
2021-07-10,37731,1146558,743942,706211
2021-07-12,37731,1146567,743951,706220
2021-07-13,37733,1146578,743960,706227
2021-07-14,37745,1146814,743999,706254
2021-07-15,37777,1147402,744058,706281
2021-07-16,37790,1147473,744099,706309
2021-07-19,37797,1147554,744146,706349
2021-07-20,37800,1147588,744168,706368
2021-07-21,37803,1147723,744249,706446
2021-07-22,37809,1148695,744276,706467
2021-07-23,37816,1148822,744290,706474
2021-07-24,37817,1148838,744291,706474
2021-07-26,37825,1150183,744314,706489
2021-07-27,37828,1150467,744350,706522
2021-07-28,37844,1151719,744377,706533
2021-07-29,37855,1151883,744508,706653
2021-07-30,37857,1151948,744563,706706
2021-08-02,37863,1151987,744588,706725
2021-08-03,37863,1151996,744597,706734
2021-08-04,37866,1152027,744619,706753
2021-08-05,37879,1152825,744662,706783
2021-08-06,37882,1152845,744678,706796
2021-08-09,37886,1152881,744689,706803
2021-08-10,37891,1152901,744702,706811
2021-08-11,37891,1152905,744706,706815
2021-08-12,37893,1152924,744723,706830
2021-08-13,37898,1152938,744730,706832
2021-08-16,37902,1152951,744737,706835
2021-08-17,37907,1153040,744756,706849
2021-08-18,37918,1153074,744779,706861
2021-08-19,37919,1153080,744784,706865
2021-08-20,37919,1153083,744787,706868
2021-08-21,37919,1153087,744791,706872
2021-08-23,37922,1153098,744799,706877
2021-08-24,37932,1153373,744820,706888
2021-08-25,37947,1153851,744841,706894
2021-08-26,37949,1153858,744845,706896
2021-08-27,37951,1153871,744854,706903
2021-08-29,37958,1154163,744861,706903
2021-08-30,37958,1154167,744865,706907
2021-08-31,37962,1154300,744873,706911
2021-09-01,37963,1154325,744897,706934
2021-09-02,37964,1154378,744900,706936
2021-09-03,37967,1154915,744909,706942
2021-09-04,37968,1154924,744910,706942
2021-09-05,37972,1155006,744914,706942
2021-09-06,37976,1155028,744925,706949
2021-09-07,37979,1155093,744933,706954
2021-09-08,37982,1155360,744954,706972
2021-09-09,37985,1155376,744967,706982
2021-09-10,37986,1155403,744983,706997
2021-09-11,37986,1155405,744985,706999
2021-09-12,37988,1155423,744999,707011
2021-09-13,37988,1155429,745005,707017
2021-09-14,37990,1155454,745028,707038
2021-09-15,37991,1155462,745031,707040
2021-09-16,37995,1155720,745062,707067
2021-09-17,37998,1155781,745065,707067
2021-09-20,38014,1155971,745109,707095
2021-09-21,38025,1156024,745130,707105
2021-09-22,38027,1156036,745140,707113
2021-09-23,38030,1156058,745159,707129
2021-09-24,38030,1156059,745160,707130
2021-09-27,38037,1156127,745182,707145
2021-09-28,38043,1156461,745214,707171
2021-09-29,38044,1156485,745237,707193
2021-09-30,38048,1156548,745264,707216
2021-10-01,38050,1156554,745268,707218
2021-10-04,38053,1156922,745284,707231
2021-10-05,38053,1156929,745291,707238
2021-10-06,38058,1157117,745301,707243
2021-10-07,38060,1157123,745305,707245
2021-10-08,38062,1157638,745307,707245
2021-10-11,38075,1157690,745341,707266
2021-10-12,38080,1157713,745359,707279
2021-10-13,38082,1157815,745370,707288
2021-10-14,38088,1157885,745397,707309
2021-10-15,38089,1157899,745410,707321
2021-10-18,38097,1157924,745420,707323
2021-10-19,38098,1157926,745421,707323
2021-10-21,38107,1157957,745441,707334
2021-10-22,38109,1159117,745450,707341
2021-10-25,38111,1159177,745467,707356
2021-10-26,38121,1159843,745494,707373
2021-10-27,38129,1159901,745513,707384
2021-10-28,38272,1161282,745691,707419
2021-10-29,38276,1161472,745757,707481
2021-11-01,38279,1161485,745767,707488
2021-11-02,38279,1161488,745770,707491
2021-11-03,38279,1161505,745787,707508
2021-11-04,38281,1161542,745811,707530
2021-11-05,38281,1161568,745837,707556
2021-11-06,38281,1161569,745838,707557
2021-11-08,38285,1161619,745876,707591
2021-11-09,38287,1161667,745904,707617
2021-11-10,38288,1161684,745920,707632
2021-11-11,38290,1161689,745923,707633
2021-11-12,38293,1161705,745932,707639
2021-11-15,38297,1161735,745949,707652
2021-11-16,38297,1161747,745961,707664
2021-11-17,38297,1161755,745969,707672
2021-11-18,38298,1161762,745975,707677
2021-11-19,38302,1161834,746001,707699
2021-11-20,38302,1161839,746006,707704
2021-11-22,38314,1162105,746033,707719
2021-11-23,38330,1162264,746068,707738
2021-11-24,38345,1162544,746090,707745
2021-11-25,38360,1164160,746112,707752
2021-11-26,38360,1164162,746114,707754
2021-11-29,38363,1164178,746127,707764
2021-11-30,38363,1164180,746129,707766
2021-12-01,38364,1164187,746135,707771
2021-12-02,38672,1171000,746452,707780
2021-12-06,38679,1171538,746474,707795
2021-12-07,38681,1171562,746496,707815
2021-12-08,38685,1171602,746514,707829
2021-12-10,38685,1171605,746517,707832
2021-12-14,38687,1171786,746527,707840
2021-12-15,38690,1171881,746539,707849
2021-12-16,38694,1172178,746553,707859
2021-12-17,38698,1172186,746557,707859
2021-12-20,38698,1172188,746559,707861
2021-12-21,38700,1172204,746573,707873
2021-12-22,38700,1172210,746579,707879
2021-12-23,38700,1172212,746581,707881
2021-12-29,38702,1172231,746583,707881
2021-12-30,38707,1172521,746596,707889
2021-12-31,38708,1172630,746604,707896
2022-01-03,38710,1172805,746629,707919
2022-01-04,38717,1172850,746642,707925
2022-01-05,38717,1172854,746646,707929
2022-01-06,38721,1173473,746677,707956
2022-01-08,38722,1173475,746678,707956
2022-01-10,38724,1173486,746687,707963
2022-01-11,38724,1173501,746702,707978
2022-01-12,38727,1173522,746720,707993
2022-01-13,38764,1174141,746763,707999
2022-01-14,38824,1174578,746834,708010
2022-01-15,38828,1174632,746844,708016
2022-01-16,38828,1174722,746934,708106
2022-01-17,38880,1178396,746989,708109
2022-01-18,38887,1179112,747028,708141
2022-01-19,38898,1179358,747062,708164
2022-01-20,38952,1182555,747133,708181
2022-01-21,38958,1182574,747146,708188
2022-01-22,38970,1182601,747161,708191
2022-01-23,38994,1182652,747188,708194
2022-01-24,39005,1182689,747214,708209
2022-01-25,39005,1182695,747220,708215
2022-01-26,39008,1182758,747225,708217
2022-01-27,39010,1182796,747256,708246
2022-01-31,39011,1182808,747266,708255
2022-02-01,39013,1182846,747302,708289
2022-02-02,39013,1182852,747308,708295
2022-02-03,39019,1182897,747340,708321
2022-02-04,39027,1182926,747353,708326
2022-02-05,39027,1182940,747367,708340
2022-02-07,39035,1182969,747386,708351
2022-02-08,39036,1183057,747421,708385
2022-02-09,39040,1183082,747432,708392
2022-02-10,39042,1183104,747452,708410
2022-02-14,39051,1183170,747486,708435
2022-02-15,39052,1183182,747497,708445
2022-02-17,39052,1183184,747499,708447
2022-02-18,39066,1183224,747515,708449
2022-02-23,39067,1183227,747517,708450
2022-02-24,39070,1183240,747524,708454
2022-02-25,39070,1183241,747525,708455
2022-02-28,39072,1183247,747529,708457
2022-03-01,39076,1183572,747535,708459
2022-03-02,39081,1183610,747558,708477
2022-03-03,39082,1183629,747576,708494
2022-03-04,39086,1183658,747595,708509
2022-03-06,39086,1183660,747597,708511
2022-03-07,39089,1183675,747606,708517
2022-03-08,39094,1183701,747624,708530
2022-03-09,39097,1183726,747645,708548
2022-03-10,39103,1183749,747657,708554
2022-03-11,39103,1183754,747662,708559
2022-03-15,39103,1183755,747663,708560
2022-03-18,39104,1183767,747673,708569
2022-03-21,39104,1183777,747683,708579
2022-03-22,39120,1183836,747714,708594
2022-03-23,39121,1183840,747717,708596
2022-03-24,39122,1183845,747719,708597
2022-03-25,39126,1183862,747727,708601
2022-03-30,39129,1183875,747732,708603
2022-04-04,39131,1183910,747734,708603
2022-04-05,39133,1183916,747738,708605
2022-04-07,39136,1183932,747747,708611
2022-04-19,39136,1183933,747748,708612
2022-04-20,39136,1183945,747760,708624
2022-04-21,39138,1183964,747767,708629
2022-04-22,39140,1183971,747772,708632
2022-04-25,39140,1183980,747781,708641
2022-04-26,39141,1183990,747790,708649
2022-04-27,39145,1184014,747810,708665
2022-05-06,39148,1184025,747816,708668
2022-05-09,39151,1184037,747819,708668
2022-05-10,39152,1184041,747822,708670
2022-05-16,39153,1184045,747823,708670
2022-05-18,39165,1184331,747837,708672
2022-05-19,39165,1184332,747838,708673
2022-05-20,39199,1185388,747872,708673
2022-05-21,39216,1186618,747889,708673
2022-05-22,39231,1188411,747904,708673
2022-05-23,39233,1188650,747906,708673
2022-05-24,39248,1189703,747929,708681
2022-05-25,39265,1190545,747950,708685
2022-05-26,39273,1190575,747966,708693
2022-05-27,39273,1190576,747967,708694
2022-05-30,39276,1190601,747970,708694
2022-05-31,39276,1190619,747988,708712
2022-06-01,39277,1190658,748026,708749
2022-06-02,39277,1190675,748043,708766
2022-06-03,39280,1190792,748047,708767
2022-06-04,39283,1190816,748068,708785
2022-06-05,39283,1190818,748070,708787
2022-06-06,39284,1190947,748097,708813
2022-06-07,39292,1191940,748106,708814
2022-06-08,39295,1191951,748114,708819
2022-06-09,39295,1191965,748128,708833
2022-06-10,39301,1192810,748145,708844
2022-06-13,39301,1192812,748147,708846
2022-06-14,39307,1192833,748162,708855
2022-06-15,39308,1192850,748176,708868
2022-06-16,39308,1192852,748178,708870
2022-06-17,39308,1192862,748188,708880
2022-06-22,39309,1192869,748194,708885
2022-06-23,39313,1193059,748199,708886
2022-06-24,39356,1193473,748258,708902
2022-06-25,39398,1193796,748309,708911
2022-06-27,39398,1193797,748310,708912
2022-06-28,39401,1193809,748316,708915
2022-06-30,39403,1193832,748328,708925
2022-07-01,39403,1193835,748331,708928
2022-07-03,39403,1193840,748336,708933
2022-07-04,39403,1193841,748337,708934
2022-07-05,39403,1193851,748347,708944
2022-07-06,39428,1194165,748383,708955
2022-07-07,39465,1194534,748425,708960
2022-07-08,39493,1194726,748454,708961
2022-07-09,39502,1194759,748469,708967
2022-07-12,39503,1195702,748474,708971
2022-07-13,39503,1195704,748476,708973
2022-07-14,39504,1196795,748477,708973
2022-07-16,39504,1196797,748479,708975
2022-07-17,39504,1196798,748480,708976
2022-07-18,39505,1196802,748482,708977
2022-07-19,39505,1196806,748486,708981
2022-07-20,39505,1196809,748489,708984
2022-07-26,39505,1196811,748491,708986
2022-07-27,39505,1196817,748497,708992
2022-07-28,39506,1196821,748499,708993
2022-07-29,39506,1196822,748500,708994
2022-07-31,39514,1196847,748517,709003
2022-08-01,39519,1196864,748529,709010
2022-08-05,39519,1196865,748530,709011
2022-08-07,39542,1196938,748580,709038
2022-08-08,39542,1196939,748581,709039
2022-08-09,39542,1196945,748587,709045
2022-08-10,39550,1196970,748604,709054
2022-08-18,39551,1196972,748605,709054
2022-08-20,39551,1196973,748606,709055
2022-08-21,39551,1196974,748607,709056
2022-08-22,39551,1197037,748670,709119
2022-08-23,39551,1197182,748815,709264
2022-08-24,39551,1197237,748870,709319
2022-08-25,39551,1197268,748901,709350
2022-08-26,39551,1197309,748942,709391
2022-08-29,39552,1197319,748950,709398
2022-08-31,39552,1197322,748953,709401
2022-09-05,39552,1197323,748954,709402
2022-09-06,39552,1197332,748963,709411
2022-09-07,39552,1197333,748964,709412
2022-09-11,39569,1197701,748981,709412
2022-09-12,39583,1198045,748995,709412
2022-09-14,39584,1198047,748996,709412
2022-09-15,39584,1198048,748997,709413
2022-09-20,39585,1198052,749000,709415
2022-09-22,39588,1198060,749003,709415
2022-09-23,39588,1198061,749004,709416
2022-09-25,39588,1198062,749005,709417
2022-09-27,39588,1198063,749006,709418
2022-09-30,39588,1198348,749291,709703
2022-10-02,39588,1198349,749292,709704
2022-10-03,39588,1198353,749296,709708
2022-10-05,39591,1198534,749307,709716
2022-10-06,39591,1198536,749309,709718
2022-10-07,39594,1198565,749326,709732
2022-10-10,39594,1198567,749328,709734
2022-10-11,39594,1198568,749329,709735
2022-10-12,39598,1198580,749336,709738
2022-10-13,39626,1199051,749366,709740
2022-10-14,39627,1199062,749376,709749
2022-10-19,39628,1199157,749397,709769
2022-10-20,39637,1200976,751196,711559
2022-10-21,39637,1200978,751198,711561
2022-10-25,39637,1200989,751209,711572
2022-10-26,39639,1201002,751216,711577
2022-10-27,39645,1201069,751270,711625
2022-10-28,39645,1201097,751298,711653
2022-10-31,39645,1201098,751299,711654
2022-11-01,39646,1201143,751343,711697
2022-11-02,39646,1201164,751364,711718
2022-11-03,39646,1201174,751374,711728
2022-11-04,39647,1201207,751406,711759
2022-11-07,39647,1225010,775209,735562
2022-11-08,39647,1252176,802375,762728
2022-11-09,39647,1252179,802378,762731
2022-11-10,39648,1252184,802382,762734
2022-11-11,39648,1252186,802384,762736
2022-11-14,39651,1252221,802391,762740
2022-11-15,39656,1252257,802419,762763
2022-11-16,39656,1252264,802426,762770
2022-11-17,39656,1252274,802436,762780
2022-11-18,39656,1252291,802453,762797
2022-11-22,39656,1252296,802458,762802
2022-11-24,39657,1252303,802464,762807
2022-11-25,39657,1252308,802469,762812
2022-11-28,39657,1252313,802474,762817
2022-11-29,39658,1252319,802476,762818
2022-11-30,39663,1252342,802484,762821
2022-12-01,39663,1252344,802486,762823
2022-12-02,39663,1252347,802489,762826
2022-12-06,39664,1252351,802492,762828
2022-12-08,39665,1252355,802493,762828
2022-12-12,39665,1252358,802496,762831
2022-12-13,39665,1252363,802501,762836
2022-12-14,39665,1252367,802505,762840
2022-12-15,39666,1252380,802514,762848
2022-12-16,39666,1252382,802516,762850
2022-12-20,39666,1252386,802520,762854
2022-12-21,39666,1252388,802522,762856
2022-12-24,39666,1252389,802523,762857
2023-01-01,39666,1252396,802530,762864
2023-01-02,39667,1252469,802532,762865
2023-01-03,39667,1252475,802538,762871
2023-01-04,39668,1252479,802541,762873
2023-01-05,39668,1252482,802544,762876
2023-01-06,39668,1252484,802546,762878
2023-01-07,39668,1252488,802550,762882
2023-01-08,39668,1252500,802562,762894
2023-01-09,39680,1252534,802584,762904
2023-01-10,39692,1252567,802605,762913
2023-01-11,39694,1252575,802611,762917
2023-01-12,39697,1252591,802619,762922
2023-01-13,39697,1252594,802622,762925
2023-01-15,39697,1252601,802629,762932
2023-01-16,39702,1252691,802644,762942
2023-01-17,39704,1252716,802658,762954
2023-01-18,39714,1252797,802672,762958
2023-01-19,39727,1253000,802685,762958
2023-01-20,39732,1253023,802703,762971
2023-01-21,39732,1253024,802704,762972
2023-01-23,39732,1253026,802706,762974
2023-01-24,39765,1253096,802743,762978
2023-01-25,39765,1253097,802744,762979
2023-01-26,39766,1253100,802745,762979
2023-01-27,39767,1253371,803015,763248
2023-01-31,39770,1253395,803032,763262
2023-02-01,39775,1253970,803047,763272
2023-02-02,39779,1254078,803150,763371
2023-02-03,39781,1254191,803259,763478
2023-02-04,39781,1254194,803262,763481
2023-02-06,39782,1254274,803341,763559
2023-02-07,39784,1258256,803409,763625
2023-02-08,39786,1261686,803547,763761
2023-02-09,39786,1261824,803685,763899
2023-02-14,39786,1261826,803687,763901
2023-02-15,39788,1262461,803689,763901
2023-02-16,39788,1262800,804028,764240
2023-02-17,39788,1262801,804029,764241
2023-02-20,39793,1263304,804046,764253
2023-02-21,39794,1263919,804049,764255
2023-02-22,39801,1264204,804061,764260
2023-02-23,39813,1264233,804075,764262
2023-02-24,39819,1264266,804088,764269
2023-02-27,39819,1264273,804095,764276
2023-02-28,39822,1264285,804099,764277
2023-03-01,39823,1264289,804102,764279
2023-03-02,39826,1265194,804105,764279
2023-03-03,39828,1266318,804108,764280
2023-03-05,39828,1266319,804109,764281
2023-03-06,39835,1266378,804121,764286
2023-03-08,39835,1266384,804127,764292
2023-03-09,39837,1266423,804164,764327
2023-03-10,39840,1266517,804255,764415
2023-03-11,39841,1266522,804259,764418
2023-03-12,39841,1266523,804260,764419
2023-03-13,39841,1266528,804265,764424
2023-03-14,39843,1266533,804268,764425
2023-03-15,39843,1266538,804273,764430
2023-03-16,39850,1266702,804291,764441
2023-03-17,39854,1266734,804297,764443
2023-03-18,39866,1267394,804309,764443
2023-03-20,39866,1267400,804315,764449
2023-03-21,39866,1267405,804320,764454
2023-03-22,39868,1267411,804324,764456
2023-03-23,39870,1267436,804347,764477
2023-03-24,39874,1267770,804355,764481
2023-03-26,39875,1267773,804357,764482
2023-03-27,39877,1267780,804362,764485
2023-03-28,39879,1267989,804376,764497
2023-03-29,39880,1268025,804388,764508
2023-03-30,39881,1268063,804403,764522
2023-03-31,39882,1268076,804415,764533
2023-04-03,39882,1268078,804417,764535
2023-04-04,39882,1268087,804426,764544
2023-04-05,39882,1268088,804427,764545
2023-04-06,39882,1268091,804430,764548
2023-04-09,39892,1269335,804440,764548
2023-04-10,39905,1272279,804453,764548
2023-04-11,39908,1272691,804465,764557
2023-04-12,39908,1273186,804960,765052
2023-04-13,39914,1273295,804978,765064
2023-04-14,39914,1273296,804979,765065
2023-04-18,39914,1273301,804984,765070
2023-04-21,39916,1273390,804986,765070
2023-04-27,39917,1273401,804996,765079
2023-04-28,39931,1273436,805017,765086
2023-04-29,39937,1273450,805025,765088
2023-04-30,39940,1273457,805029,765089
2023-05-02,39949,1273505,805068,765119
2023-05-03,39949,1273569,805132,765183
2023-05-04,39949,1273602,805165,765216
2023-05-05,39949,1273614,805177,765228
2023-05-08,39949,1273618,805181,765232
2023-05-09,39949,1273622,805185,765236
2023-05-11,39952,1273756,805192,765240
2023-05-12,39952,1273759,805195,765243
2023-05-14,39952,1273761,805197,765245
2023-05-15,39952,1273768,805204,765252
2023-05-16,39952,1273791,805227,765275
2023-05-17,39956,1273809,805236,765280
2023-05-18,39960,1273820,805240,765280
2023-05-19,39962,1273834,805250,765288
2023-05-20,39962,1273836,805252,765290
2023-05-22,39969,1273862,805264,765295
2023-05-23,39997,1274029,805299,765302
2023-05-24,40009,1274083,805317,765308
2023-05-25,40009,1274085,805319,765310
2023-05-26,40013,1274100,805330,765317
2023-05-29,40014,1274108,805337,765323
2023-05-30,40014,1274109,805338,765324
2023-05-31,40019,1274127,805347,765328
2023-06-02,40019,1274129,805349,765330
2023-06-05,40020,1274157,805375,765355
2023-06-06,40038,1274292,805401,765363
2023-06-07,40043,1274335,805409,765366
2023-06-08,40049,1274402,805417,765368
2023-06-09,40050,1274408,805421,765371
2023-06-12,40059,1275293,805437,765378
2023-06-13,40064,1275315,805449,765385
2023-06-14,40068,1275362,805467,765399
2023-06-15,40068,1275365,805470,765402
2023-06-16,40073,1275454,805475,765402
2023-06-20,40075,1275484,805480,765405
2023-06-21,40079,1275546,805497,765418
2023-06-22,40080,1275643,805500,765420
2023-06-23,40080,1275648,805505,765425
2023-06-26,40080,1275650,805507,765427
2023-06-27,40083,1275670,805524,765441
2023-06-28,40083,1275672,805526,765443
2023-06-29,40083,1275675,805529,765446
2023-07-03,40083,1275691,805545,765462
2023-07-04,40084,1275696,805549,765465
2023-07-05,40085,1275702,805553,765468
2023-07-10,40088,1275724,805559,765471
2023-07-11,40102,1275933,805579,765477
2023-07-12,40109,1275994,805597,765488
2023-07-13,40109,1276004,805607,765498
2023-07-14,40110,1276018,805620,765510
2023-07-18,40110,1276019,805621,765511
2023-07-19,40112,1276028,805626,765514
2023-07-20,40112,1276029,805627,765515
2023-07-24,40114,1276077,805633,765519
2023-07-25,40125,1278100,805658,765533
2023-07-26,40127,1281251,805664,765537
2023-07-27,40127,1281259,805672,765545
2023-07-28,40129,1281272,805683,765554
2023-07-31,40132,1281279,805687,765555
2023-08-01,40132,1281283,805691,765559
2023-08-02,40135,1281293,805698,765563
2023-08-03,40147,1281740,805712,765565
2023-08-04,40148,1281749,805720,765572
2023-08-09,40149,1281960,805725,765576
2023-08-10,40151,1281986,805735,765584
2023-08-14,40153,1282018,805751,765598
2023-08-15,40153,1282025,805758,765605
2023-08-16,40153,1282030,805763,765610
2023-08-17,40153,1282039,805772,765619
2023-09-01,40163,1282437,805785,765622
2023-09-03,40165,1282592,805787,765622
2023-09-04,40177,1283385,805800,765623
2023-09-05,40190,1284286,805820,765630
2023-09-06,40190,1284289,805823,765633
2023-09-07,40206,1284599,805848,765642
2023-09-08,40213,1285667,805858,765645
2023-09-11,40221,1285702,805882,765661
2023-09-12,40226,1285726,805896,765670
2023-09-13,40228,1285756,805900,765672
2023-09-14,40231,1285782,805916,765685
2023-09-15,40235,1285797,805924,765689
2023-09-17,40235,1285800,805927,765692
2023-09-18,40235,1285813,805940,765705
2023-09-19,40235,1285823,805950,765715
2023-09-20,40235,1285830,805957,765722
2023-09-21,40236,1285836,805961,765725
2023-09-22,40236,1285840,805965,765729
2023-09-24,40236,1285842,805967,765731
2023-09-25,40236,1285844,805969,765733
2023-09-26,40239,1285908,805978,765739
2023-09-28,40240,1286364,805979,765739
2023-09-29,40242,1286376,805986,765744
2023-10-01,40242,1286378,805988,765746
2023-10-02,40244,1286391,805999,765755
2023-10-03,40248,1286416,806013,765765
2023-10-04,40248,1286417,806014,765766
2023-10-05,40252,1286435,806022,765770
2023-10-06,40252,1286440,806027,765775
2023-10-07,40252,1286442,806029,765777
2023-10-09,40252,1286449,806036,765784
2023-10-10,40252,1286450,806037,765785
2023-10-11,40254,1286457,806042,765788
2023-10-12,40254,1286470,806055,765801
2023-10-13,40255,1286480,806064,765809
2023-10-15,40255,1286481,806065,765810
2023-10-16,40256,1286501,806068,765812
2023-10-17,40258,1286517,806081,765823
2023-10-18,40258,1286518,806082,765824
2023-10-19,40259,1286524,806087,765828
2023-10-20,40262,1286538,806097,765835
2023-10-23,40262,1286546,806105,765843
2023-10-24,40268,1286618,806153,765885
2023-10-25,40268,1286619,806154,765886
2023-10-26,40268,1286624,806159,765891
2023-10-27,40271,1286638,806170,765899
2023-10-28,40272,1286644,806174,765902
2023-10-30,40277,1286656,806179,765902
2023-10-31,40284,1286687,806202,765918
2023-11-02,40284,1286690,806205,765921
2023-11-03,40284,1286698,806213,765929
2023-11-06,40284,1286706,806221,765937
2023-11-07,40284,1286710,806225,765941
2023-11-08,40285,1286754,806268,765983
2023-11-14,40286,1286776,806270,765984
2023-11-15,40288,1286792,806284,765996
2023-11-16,40288,1286797,806289,766001
2023-11-20,40289,1286801,806292,766003
2023-11-21,40289,1286805,806296,766007
2023-11-24,40289,1287788,807279,766990
2023-11-28,40293,1287836,807298,767005
2023-11-29,40295,1287843,807301,767006
2023-11-30,40295,1288261,807719,767424
2023-12-01,40297,1288269,807725,767428
2023-12-05,40297,1288280,807736,767439
2023-12-06,40299,1288293,807747,767448
2023-12-07,40357,1288886,807813,767456
2023-12-08,40365,1289047,807821,767456
2023-12-10,40374,1289150,807831,767457
2023-12-11,40392,1289845,807859,767467
2023-12-12,40392,1289847,807861,767469
2023-12-15,40392,1289872,807886,767494
2023-12-16,40392,1289899,807913,767521
2023-12-17,40403,1292379,807924,767521
2023-12-20,40403,1292380,807925,767522
2024-01-02,40404,1292383,807926,767522
2024-01-03,40407,1292800,807929,767522
2024-01-04,40407,1292809,807938,767531
2024-01-05,40410,1292829,807955,767545
2024-01-08,40412,1293004,807959,767547
2024-01-09,40413,1293010,807963,767550
2024-01-10,40413,1293017,807970,767557
2024-01-11,40413,1293018,807971,767558
2024-01-16,40415,1293022,807973,767558
2024-01-18,40424,1293087,807987,767563
2024-01-19,40424,1293093,807993,767569
2024-01-22,40428,1293139,808022,767594
2024-01-23,40440,1293206,808042,767602
2024-01-25,40440,1293226,808062,767622
2024-01-26,40441,1293232,808063,767622
2024-01-28,40443,1293506,808072,767629
2024-02-05,40444,1293508,808073,767629
